RUN 201602  DATE 20160229  TIME 19:30 --> 06:00
--------------------------------------------------------------------------------
27399 fields, 10402 skipped,  1011 finished,    0 partly finished, 15986 new
--------------------------------------------------------------------------------
Midnight Moon Coord: 161101.34  -155722.9  Moon Phase:  56.5%
Moon-star distance limit is default as  56.5
 1735 fields removed, too close to the Moon
 5487 fields removed, too close to the Sun
Found: 1326 new blocks,  8764 new fields
--------------------------------------------------------------------------------
No:     Block    Center-RA  Center-Dec   Alt  AirM  Field  Expo   Sec     Start
01:  21180447    045209.41   +211800.0  74.9  1.04      4     4   440  19:30:00
02:  21180422    044151.18   +211800.0  72.0  1.05      2     2   220  19:37:20
03:  22060452    050225.15   +220559.9  75.4  1.03      7     7   770  19:41:00
04:  22060652    070318.02   +220559.9  73.5  1.04      7     7   770  19:53:50
05:  22060717    072544.99   +220559.9  71.8  1.05      6     6   660  20:06:40
06:  22060427    044836.24   +220600.0  65.9  1.09      1     1   110  20:17:40
07:  23420715    072403.00   +234200.0  75.4  1.03      6     6   660  20:19:30
08:  23420452    045901.10   +234200.0  66.2  1.09      5     5   550  20:30:30
09:  23420427    044502.36   +234200.0  61.3  1.14      3     3   330  20:39:40
10:  24300739    074941.42   +243000.0  75.9  1.03      7     7   770  20:45:10
11:  24300852    090703.37   +243000.0  62.9  1.12      5     5   550  20:58:00
12:  24300917    091921.86   +243000.0  62.2  1.13      2     2   220  21:07:10
13:  25180828    084217.84   +251800.0  71.0  1.06      5     5   550  21:10:50
14:  23420650    070120.05   +234200.0  79.5  1.02      7     7   770  21:20:00
15:  24300649    070027.44   +243000.0  78.0  1.02      7     7   770  21:32:50
16:  24300714    072504.43   +243000.0  79.9  1.02      7     7   770  21:45:40
17:  22531006    101320.40   +225359.9  61.0  1.14      1     1   110  21:58:30
18:  24300942    095617.34   +243000.0  65.6  1.10      5     5   550  22:00:20
19:  21181009    101826.71   +211800.0  61.5  1.14      2     2   220  22:09:30
20:  22061006    102009.86   +220600.0  62.3  1.13      3     3   330  22:13:10
21:  24301006    101723.33   +243000.0  65.1  1.10      7     7   770  22:18:40
22:  20301033    104411.72   +203000.0  60.4  1.15      7     7   770  22:31:30
23:  21181033    105104.44   +211800.0  62.0  1.13      3     3   330  22:44:20
24:  22061054    110503.78   +220559.9  60.6  1.15      7     7   770  22:49:50
25:  20301057    110806.59   +203000.0  61.9  1.13      7     7   770  23:02:40
26:  21181057    110814.82   +211800.0  64.9  1.10      7     7   770  23:15:30
27:  20301121    113201.46   +203000.0  62.3  1.13      7     7   770  23:28:20
28:  20301145    114906.36   +203000.0  61.4  1.14      3     3   330  23:41:10
29:  21181121    113217.36   +211800.0  66.3  1.09      7     7   770  23:46:40
30:  21181146    115619.90   +211800.0  64.1  1.11      7     7   770  23:59:30
31:  22061118    112914.36   +220559.9  72.3  1.05      7     7   770  00:12:20
32:  22061143    115141.32   +220559.9  70.5  1.06      6     6   660  00:25:10
33:  21181234    124608.01   +211800.0  61.4  1.14      6     6   660  00:36:10
34:  22061030    105114.88   +220600.0  79.9  1.02      1     1   110  00:47:10
35:  22061231    125207.76   +220600.0  63.2  1.12      1     1   110  00:49:00
36:  22531119    112945.80   +225400.0  79.0  1.02      7     7   770  00:50:50
37:  20301257    131430.89   +203000.0  60.9  1.14      1     1   110  01:03:40
38:  22531030    105133.10   +225359.9  79.3  1.02      1     1   110  01:05:30
39:  22531320    132055.47   +225359.9  61.4  1.14      1     1   110  01:07:20
40:  22531143    115404.79   +225400.0  78.2  1.02      7     7   770  01:09:10
41:  22531055    110526.81   +225400.0  79.0  1.02      7     7   770  01:22:00
42:  22531256    130845.97   +225400.0  69.5  1.07      6     6   660  01:34:50
43:  23421031    104315.00   +234200.0  71.7  1.05      6     6   660  01:45:50
44:  23421322    132400.47   +234200.0  71.3  1.06      2     2   220  01:56:50
45:  23421119    113025.73   +234200.0  77.7  1.02      7     7   770  02:00:30
46:  23421144    115453.52   +234200.0  79.4  1.02      7     7   770  02:13:20
47:  23421257    130816.89   +234200.0  79.2  1.02      7     7   770  02:26:10
48:  23421055    110557.94   +234200.0  65.6  1.10      7     7   770  02:39:00
49:  24301145    115551.27   +243000.0  73.4  1.04      7     7   770  02:51:50
50:  24301120    113114.29   +243000.0  65.8  1.10      7     7   770  03:04:40
51:  24301234    124836.24   +243000.0  78.4  1.02      5     5   550  03:17:30
52:  25181235    125708.48   +251800.0  78.8  1.02      1     1   110  03:26:40
53:  24301259    130942.23   +243000.0  79.9  1.02      7     7   770  03:28:30
54:  25181300    131117.96   +251800.0  78.7  1.02      7     7   770  03:41:20
55:  24301323    132531.72   +243000.0  78.4  1.02      2     2   220  03:54:10
56:  25181325    132713.63   +251800.0  78.6  1.02      2     2   220  03:57:50
57:  26061258    130930.48   +260600.0  74.9  1.04      7     7   770  04:01:30
58:  26061323    132906.39   +260600.0  76.2  1.03      4     4   440  04:14:20
59:  26061233    124954.57   +260600.0  66.7  1.09      4     4   440  04:21:40
60:  26531325    133110.23   +265400.0  74.0  1.04      4     4   440  04:29:00
61:  26531300    131126.11   +265400.0  68.4  1.08      7     7   770  04:36:20
62:  26531235    124619.04   +265400.0  60.4  1.15      7     7   770  04:49:10
63:  27421302    131332.72   +274200.0  63.7  1.12      7     7   770  05:02:00
64:  27421328    133513.84   +274200.0  65.5  1.10      5     5   550  05:14:50
65:  28301330    133741.40   +283000.0  64.3  1.11      5     5   550  05:24:00
66:  29181329    133830.77   +291800.0  62.7  1.12      6     6   660  05:33:10
67:  30061332    134312.51   +300600.0  61.6  1.14      7     7   770  05:44:10
68:  31421400    140050.67   +314200.0  62.9  1.12      1     1   110  05:57:00
69:  32301404    140620.69   +323000.0  63.8  1.11      2     2   220  05:58:50
**      TOTAL                                         345   345 37950  06:02:30
--------------------------------------------------------------------------------
Generated at Mon Feb 29 20:05:31 2016
