#No  Block  (       RA       Dec) Airm HA       Az   Alt   Key Other
001 1100484 ( 48.43998 +11.00000) 1.38 -2.25 127.6 +46.5  12.0 *
002 1300447 ( 44.69554 +13.00000) 1.30 -2.00 130.4 +50.2  14.0 *
003 1200496 ( 49.63464 +12.00000) 1.38 -2.33 125.4 +46.6  17.0 *
004 1000534 ( 53.36066 +10.00000) 1.47 -2.58 123.1 +42.8  19.0 *
005 1400449 ( 44.88322 +14.00000) 1.29 -2.01 129.3 +50.9  20.0 *
006 1400397 ( 39.73016 +14.00000) 1.24 -1.67 136.1 +53.7  21.0 *
007 1100535 ( 53.53356 +11.00000) 1.45 -2.59 122.0 +43.4  22.0 *
008 1300498 ( 49.82710 +13.00000) 1.36 -2.34 124.3 +47.3  23.0 *
009 1200547 ( 54.74634 +12.00000) 1.45 -2.67 119.9 +43.4  27.0 *
010 1000584 ( 58.43780 +10.00000) 1.57 -2.92 118.0 +39.6  28.0 *
011 1400500 ( 50.03630 +14.00000) 1.35 -2.36 123.1 +47.9  29.0 *
012 1100586 ( 58.62714 +11.00000) 1.55 -2.93 116.9 +40.2  32.0 *
013 1300550 ( 54.95860 +13.00000) 1.44 -2.68 118.8 +44.1  33.0 *
014 1400552 ( 55.18936 +14.00000) 1.42 -2.70 117.6 +44.7  34.0 *
015 1200599 ( 59.85804 +12.00000) 1.55 -3.01 114.9 +40.1  39.0 *
016 1000635 ( 63.51494 +10.00000) 1.69 -3.25 113.2 +36.2  40.0 *
017 1300601 ( 60.09010 +13.00000) 1.53 -3.03 113.8 +40.7  40.0 *
018 1100637 ( 63.72072 +11.00000) 1.67 -3.27 112.2 +36.8  43.0 *
019 1200650 ( 64.96974 +12.00000) 1.67 -3.35 110.2 +36.7  46.0 *
020 1400603 ( 60.34242 +14.00000) 1.52 -3.04 112.6 +41.3  47.0 *
021 1300652 ( 65.22160 +13.00000) 1.65 -3.37 109.1 +37.2  51.0 *
022 1400655 ( 65.49550 +14.00000) 1.63 -3.39 108.0 +37.8  56.0 *
