#No  Block  (       RA       Dec) Airm HA       Az   Alt   Key Other
001 1403201 (320.05708 +14.00000) 1.15  0.49 194.5 +60.0  17.0 *
002 1503205 (320.46970 +15.00000) 1.14  0.36 191.1 +61.3  18.0 *
003 1503153 (314.25810 +15.00000) 1.15  0.78 203.0 +60.0  18.0 *
004 1703226 (322.64820 +17.00000) 1.12  0.32 190.3 +63.4  18.0 *
005 1703174 (317.41970 +17.00000) 1.13  0.67 201.0 +62.4  18.0 *
006 1803234 (323.37718 +18.00000) 1.11  0.27 189.0 +64.5  19.0 *
007 1803129 (312.86256 +18.00000) 1.13  0.97 210.5 +61.9  19.0 *
008 1503256 (325.64612 +15.00000) 1.14  0.12 183.7 +61.7  19.0 *
009 1803181 (318.11990 +18.00000) 1.12  0.62 200.2 +63.5  19.0 *
010 1403252 (325.72545 +14.00000) 1.15  0.09 182.7 +60.7  20.0 *
011 1703263 (326.30810 +17.00000) 1.12  0.00 180.0 +63.7  20.0 *
012 1603262 (326.18590 +16.00000) 1.13  0.03 181.1 +62.7  21.0 *
013 1703070 (306.96280 +17.00000) 1.17  1.37 219.8 +58.5  21.0 *
014 1803076 (307.60526 +18.00000) 1.16  1.32 219.7 +59.7  26.0 *
