#No  Block  (       RA       Dec) Airm HA       Az   Alt   Key Other
001 1400346 ( 34.57710 +14.00000) 1.61 -3.33 108.8 +38.4   7.0 *
002 1703070 (306.96280 +17.00000) 1.33  2.52 242.4 +48.7   8.0 *
003 1703174 (317.41970 +17.00000) 1.22  1.82 229.8 +55.0   9.0 *
004 1500358 ( 35.76878 +15.00000) 1.61 -3.41 106.9 +38.3  10.0 *
005 1600359 ( 35.94230 +16.00000) 1.59 -3.42 105.8 +38.8  11.0 *
006 1700361 ( 36.12866 +17.00000) 1.58 -3.43 104.7 +39.4  12.0 *
007 1300344 ( 35.45880 +13.00000) 1.70 -3.48 107.6 +36.0  12.0 *
008 1600411 ( 41.14380 +16.00000) 1.74 -3.76 101.5 +35.2  18.0 *
009 1700414 ( 41.35710 +17.00000) 1.72 -3.78 100.5 +35.7  21.0 *
