#No  Block  (       RA       Dec) Airm HA       Az   Alt   Key Other
001 1503256 (325.64612 +15.00000) 1.14  0.37 191.2 +61.3  15.0 *
002 1503205 (320.46970 +15.00000) 1.15  0.61 198.4 +60.6  15.0 *
003 1703226 (322.64820 +17.00000) 1.12  0.57 198.1 +62.7  15.0 *
004 1503153 (314.25810 +15.00000) 1.17  1.03 209.7 +58.8  16.0 *
005 1803234 (323.37718 +18.00000) 1.11  0.52 197.1 +63.9  17.0 *
006 1403252 (325.72545 +14.00000) 1.15  0.34 190.0 +60.4  18.0 *
007 1603262 (326.18590 +16.00000) 1.13  0.28 188.9 +62.5  18.0 *
008 1703263 (326.30810 +17.00000) 1.12  0.25 188.1 +63.5  18.0 *
009 1703174 (317.41970 +17.00000) 1.14  0.92 208.2 +61.2  18.0 *
010 1703070 (306.96280 +17.00000) 1.20  1.62 225.6 +56.6  19.0 *
011 1803181 (318.11990 +18.00000) 1.13  0.87 207.7 +62.4  20.0 *
012 1803129 (312.86256 +18.00000) 1.15  1.22 217.2 +60.4  21.0 *
013 1803076 (307.60526 +18.00000) 1.18  1.57 225.6 +57.8  24.0 *
