#No  Block  (       RA       Dec) Airm HA       Az   Alt   Key Other
001 1703122 (312.19130 +17.00000) 1.13  0.77 203.9 +62.0  16.0 *
002 1503205 (320.46970 +15.00000) 1.14  0.11 183.5 +61.7  19.0 *
003 1503153 (314.25810 +15.00000) 1.14  0.53 195.9 +60.9  19.0 *
004 1703226 (322.64820 +17.00000) 1.12  0.07 182.3 +63.7  19.0 *
005 1703174 (317.41970 +17.00000) 1.12  0.42 193.4 +63.2  19.0 *
006 1803129 (312.86256 +18.00000) 1.12  0.72 203.3 +63.1  20.0 *
007 1803181 (318.11990 +18.00000) 1.11  0.37 192.3 +64.3  20.0 *
008 1803234 (323.37718 +18.00000) 1.11  0.02 180.7 +64.7  21.0 *
009 1403201 (320.05708 +14.00000) 1.15  0.24 187.2 +60.6  21.0 *
010 1503256 (325.64612 +15.00000) 1.14 -0.13 176.0 +61.7  22.0 *
011 1703263 (326.30810 +17.00000) 1.12 -0.25 172.0 +63.5  23.0 *
012 1703070 (306.96280 +17.00000) 1.15  1.12 213.6 +60.1  23.0 *
013 1403252 (325.72545 +14.00000) 1.15 -0.16 175.2 +60.6  24.0 *
014 1603262 (326.18590 +16.00000) 1.13 -0.22 173.2 +62.6  24.0 *
015 1803076 (307.60526 +18.00000) 1.14  1.07 213.3 +61.3  25.0 *
