#No  Block  (       RA       Dec) Airm HA       Az   Alt   Key Other
001 1000483 ( 48.28354 +10.00000) 1.45 -2.49 124.5 +43.6  10.0 *
002 1100484 ( 48.43998 +11.00000) 1.43 -2.50 123.5 +44.3  13.0 *
003 1400397 ( 39.73016 +14.00000) 1.27 -1.92 131.0 +51.7  14.0 *
004 1300447 ( 44.69554 +13.00000) 1.34 -2.25 125.9 +48.1  15.0 *
005 1200496 ( 49.63464 +12.00000) 1.43 -2.58 121.3 +44.3  17.0 *
006 1400449 ( 44.88322 +14.00000) 1.33 -2.26 124.7 +48.8  18.0 *
007 1300498 ( 49.82710 +13.00000) 1.42 -2.59 120.2 +44.9  19.0 *
008 1000534 ( 53.36066 +10.00000) 1.54 -2.83 119.2 +40.4  21.0 *
009 1100535 ( 53.53356 +11.00000) 1.52 -2.84 118.2 +41.1  24.0 *
010 1400500 ( 50.03630 +14.00000) 1.40 -2.61 119.1 +45.6  27.0 *
011 1200547 ( 54.74634 +12.00000) 1.52 -2.92 116.2 +41.0  27.0 *
012 1300550 ( 54.95860 +13.00000) 1.51 -2.93 115.1 +41.6  30.0 *
013 1000584 ( 58.43780 +10.00000) 1.66 -3.17 114.4 +37.1  32.0 *
014 1100586 ( 58.62714 +11.00000) 1.63 -3.18 113.4 +37.7  33.0 *
015 1400552 ( 55.18936 +14.00000) 1.49 -2.95 113.9 +42.2  33.0 *
016 1200599 ( 59.85804 +12.00000) 1.64 -3.26 111.4 +37.6  39.0 *
017 1300601 ( 60.09010 +13.00000) 1.62 -3.28 110.3 +38.2  41.0 *
018 1400603 ( 60.34242 +14.00000) 1.60 -3.29 109.2 +38.7  48.0 *
019 1400655 ( 65.49550 +14.00000) 1.74 -3.64 104.9 +35.1  52.0 *
