#No  Block  (       RA       Dec) Airm HA       Az   Alt   Key Other
001 1100535 ( 53.53356 +11.00000) 1.27 -1.59 140.2 +51.7  17.0 *
002 1200547 ( 54.74634 +12.00000) 1.27 -1.67 137.8 +52.0  22.0 *
003 1000584 ( 58.43780 +10.00000) 1.34 -1.92 134.5 +48.4  24.0 *
004 1300498 ( 49.82710 +13.00000) 1.22 -1.34 144.1 +55.1  24.0 *
005 1400397 ( 39.73016 +14.00000) 1.16 -0.67 160.6 +59.5  24.0 *
006 1100586 ( 58.62714 +11.00000) 1.32 -1.93 133.5 +49.1  27.0 *
007 1400449 ( 44.88322 +14.00000) 1.18 -1.01 151.4 +57.9  29.0 *
008 1300550 ( 54.95860 +13.00000) 1.26 -1.68 136.6 +52.7  29.0 *
009 1000635 ( 63.51494 +10.00000) 1.40 -2.25 128.4 +45.6  32.0 *
010 1200599 ( 59.85804 +12.00000) 1.32 -2.01 131.1 +49.3  33.0 *
011 1400500 ( 50.03630 +14.00000) 1.21 -1.36 143.0 +55.9  35.0 *
012 1400552 ( 55.18936 +14.00000) 1.24 -1.70 135.5 +53.5  39.0 *
013 1000686 ( 68.59206 +10.00000) 1.48 -2.59 122.8 +42.6  40.0 *
014 1100637 ( 63.72072 +11.00000) 1.38 -2.27 127.3 +46.3  40.0 *
015 1300601 ( 60.09010 +13.00000) 1.31 -2.03 129.9 +50.0  42.0 *
016 1200650 ( 64.96974 +12.00000) 1.38 -2.35 125.0 +46.4  42.0 *
017 1100688 ( 68.81430 +11.00000) 1.46 -2.61 121.7 +43.3  44.0 *
018 1300652 ( 65.22160 +13.00000) 1.37 -2.37 123.9 +47.0  47.0 *
019 1400603 ( 60.34242 +14.00000) 1.29 -2.04 128.7 +50.7  51.0 *
020 1000737 ( 73.66922 +10.00000) 1.57 -2.93 117.7 +39.4  53.0 *
021 1200701 ( 70.08144 +12.00000) 1.46 -2.69 119.6 +43.2  56.0 *
022 1100739 ( 73.90790 +11.00000) 1.56 -2.95 116.6 +40.0  57.0 *
023 1400655 ( 65.49550 +14.00000) 1.35 -2.39 122.6 +47.6  59.0 *
024 1300704 ( 70.35314 +13.00000) 1.44 -2.71 118.4 +43.8  60.0 *
025 1000787 ( 78.74634 +10.00000) 1.70 -3.27 113.0 +36.1  61.0 *
026 1200752 ( 75.19314 +12.00000) 1.56 -3.03 114.5 +39.9  67.0 *
027 1100790 ( 79.00150 +11.00000) 1.68 -3.29 111.9 +36.6  68.0 *
028 1300755 ( 75.48470 +13.00000) 1.54 -3.05 113.4 +40.5  71.0 *
029 1400706 ( 70.64858 +14.00000) 1.43 -2.73 117.2 +44.4  72.0 *
030 1200803 ( 80.30484 +12.00000) 1.68 -3.37 109.9 +36.5  75.0 *
031 1400758 ( 75.80164 +14.00000) 1.53 -3.07 112.2 +41.0  76.0 *
032 1300806 ( 80.61620 +13.00000) 1.66 -3.39 108.8 +37.0  83.0 *
033 1400810 ( 80.95470 +14.00000) 1.65 -3.42 107.6 +37.4  85.0 *
