#No  Block  (       RA       Dec) Airm HA       Az   Alt   Key Other
001 1200496 ( 49.63464 +12.00000) 1.26 -1.58 139.7 +52.6  16.0 *
002 1100535 ( 53.53356 +11.00000) 1.31 -1.84 135.2 +49.8  18.0 *
003 1000584 ( 58.43780 +10.00000) 1.38 -2.17 129.9 +46.4  23.0 *
004 1300498 ( 49.82710 +13.00000) 1.25 -1.59 138.6 +53.4  23.0 *
005 1400449 ( 44.88322 +14.00000) 1.20 -1.26 145.2 +56.5  25.0 *
006 1200547 ( 54.74634 +12.00000) 1.30 -1.92 132.8 +50.0  25.0 *
007 1400397 ( 39.73016 +14.00000) 1.17 -0.92 153.8 +58.4  28.0 *
008 1100586 ( 58.62714 +11.00000) 1.37 -2.18 128.9 +47.1  28.0 *
009 1300550 ( 54.95860 +13.00000) 1.29 -1.93 131.7 +50.8  29.0 *
010 1000635 ( 63.51494 +10.00000) 1.45 -2.50 124.2 +43.4  32.0 *
011 1400500 ( 50.03630 +14.00000) 1.23 -1.61 137.4 +54.2  33.0 *
012 1400552 ( 55.18936 +14.00000) 1.28 -1.95 130.5 +51.5  35.0 *
013 1200599 ( 59.85804 +12.00000) 1.36 -2.26 126.6 +47.2  36.0 *
014 1100637 ( 63.72072 +11.00000) 1.44 -2.52 123.2 +44.1  40.0 *
015 1300601 ( 60.09010 +13.00000) 1.35 -2.28 125.4 +47.8  42.0 *
016 1200650 ( 64.96974 +12.00000) 1.44 -2.60 121.0 +44.1  45.0 *
017 1000686 ( 68.59206 +10.00000) 1.55 -2.84 119.0 +40.3  45.0 *
018 1100688 ( 68.81430 +11.00000) 1.53 -2.86 117.9 +40.9  45.0 *
019 1300652 ( 65.22160 +13.00000) 1.42 -2.62 119.8 +44.7  47.0 *
020 1400603 ( 60.34242 +14.00000) 1.34 -2.29 124.2 +48.5  47.0 *
021 1200701 ( 70.08144 +12.00000) 1.53 -2.94 115.8 +40.8  52.0 *
022 1000737 ( 73.66922 +10.00000) 1.66 -3.18 114.2 +37.0  54.0 *
023 1400655 ( 65.49550 +14.00000) 1.41 -2.64 118.6 +45.3  56.0 *
024 1100739 ( 73.90790 +11.00000) 1.64 -3.20 113.1 +37.5  58.0 *
025 1300704 ( 70.35314 +13.00000) 1.51 -2.96 114.7 +41.4  60.0 *
026 1200752 ( 75.19314 +12.00000) 1.65 -3.28 111.1 +37.4  64.0 *
027 1400706 ( 70.64858 +14.00000) 1.50 -2.98 113.5 +41.9  68.0 *
028 1300755 ( 75.48470 +13.00000) 1.63 -3.30 110.0 +37.9  71.0 *
029 1400758 ( 75.80164 +14.00000) 1.61 -3.32 108.8 +38.4  73.0 *
