#No  Block  (       RA       Dec) Airm HA       Az   Alt   Key Other
001 1603262 (326.18590 +16.00000) 1.14  0.58 198.0 +61.7  11.0 *
002 1703263 (326.30810 +17.00000) 1.12  0.55 197.5 +62.8  11.0 *
003 1703226 (322.64820 +17.00000) 1.14  0.87 206.9 +61.5  11.0 *
004 1403252 (325.72545 +14.00000) 1.16  0.64 198.6 +59.6  12.0 *
005 1803234 (323.37718 +18.00000) 1.13  0.82 206.2 +62.7  13.0 *
006 1703070 (306.96280 +17.00000) 1.23  1.92 231.8 +54.2  13.0 *
007 1703174 (317.41970 +17.00000) 1.16  1.22 216.2 +59.5  14.0 *
008 1803129 (312.86256 +18.00000) 1.18  1.52 224.5 +58.2  16.0 *
009 1803181 (318.11990 +18.00000) 1.15  1.17 215.9 +60.7  16.0 *
010 1803076 (307.60526 +18.00000) 1.22  1.87 232.0 +55.4  18.0 *
