#No  Block  (       RA       Dec) Airm HA       Az   Alt   Key Other
001 1300447 ( 44.69554 +13.00000) 1.27 -1.75 135.3 +52.2  16.0 *
002 1000534 ( 53.36066 +10.00000) 1.41 -2.33 127.2 +45.0  18.0 *
003 1200496 ( 49.63464 +12.00000) 1.33 -2.08 129.8 +48.7  18.0 *
004 1100535 ( 53.53356 +11.00000) 1.40 -2.34 126.1 +45.7  20.0 *
005 1400449 ( 44.88322 +14.00000) 1.25 -1.76 134.2 +53.0  23.0 *
006 1300498 ( 49.82710 +13.00000) 1.32 -2.09 128.7 +49.4  24.0 *
007 1400397 ( 39.73016 +14.00000) 1.21 -1.42 141.6 +55.5  25.0 *
008 1000584 ( 58.43780 +10.00000) 1.50 -2.67 121.7 +41.9  27.0 *
009 1200547 ( 54.74634 +12.00000) 1.40 -2.42 123.9 +45.8  27.0 *
010 1100586 ( 58.62714 +11.00000) 1.48 -2.68 120.6 +42.6  30.0 *
011 1400500 ( 50.03630 +14.00000) 1.30 -2.11 127.5 +50.1  31.0 *
012 1300550 ( 54.95860 +13.00000) 1.38 -2.43 122.8 +46.4  34.0 *
013 1400552 ( 55.18936 +14.00000) 1.37 -2.45 121.6 +47.0  35.0 *
014 1000635 ( 63.51494 +10.00000) 1.60 -3.00 116.7 +38.7  36.0 *
015 1200599 ( 59.85804 +12.00000) 1.48 -2.76 118.5 +42.6  39.0 *
016 1300601 ( 60.09010 +13.00000) 1.46 -2.78 117.4 +43.2  40.0 *
017 1100637 ( 63.72072 +11.00000) 1.58 -3.02 115.6 +39.3  42.0 *
018 1200650 ( 64.96974 +12.00000) 1.58 -3.10 113.6 +39.2  45.0 *
019 1400603 ( 60.34242 +14.00000) 1.45 -2.79 116.2 +43.8  48.0 *
020 1000686 ( 68.59206 +10.00000) 1.73 -3.34 112.0 +35.3  49.0 *
021 1100688 ( 68.81430 +11.00000) 1.70 -3.36 111.0 +35.9  51.0 *
022 1300652 ( 65.22160 +13.00000) 1.56 -3.12 112.5 +39.8  51.0 *
023 1200701 ( 70.08144 +12.00000) 1.71 -3.44 109.0 +35.8  56.0 *
024 1400655 ( 65.49550 +14.00000) 1.55 -3.14 111.3 +40.3  57.0 *
025 1300704 ( 70.35314 +13.00000) 1.69 -3.46 107.9 +36.3  63.0 *
026 1400706 ( 70.64858 +14.00000) 1.67 -3.48 106.8 +36.8  70.0 *
