#No  Block  (       RA       Dec) Airm HA       Az   Alt   Key Other
001 1503205 (320.46970 +15.00000) 1.16  0.86 205.4 +59.6  14.0 *
002 1503153 (314.25810 +15.00000) 1.19  1.28 216.0 +57.3  14.0 *
003 1403252 (325.72545 +14.00000) 1.16  0.59 197.2 +59.8  15.0 *
004 1603262 (326.18590 +16.00000) 1.13  0.53 196.5 +61.9  15.0 *
005 1703263 (326.30810 +17.00000) 1.12  0.50 196.0 +63.0  15.0 *
006 1703226 (322.64820 +17.00000) 1.14  0.82 205.5 +61.7  15.0 *
007 1703174 (317.41970 +17.00000) 1.16  1.17 214.9 +59.8  16.0 *
008 1803234 (323.37718 +18.00000) 1.12  0.77 204.7 +62.9  17.0 *
009 1703070 (306.96280 +17.00000) 1.23  1.87 230.8 +54.6  17.0 *
010 1803129 (312.86256 +18.00000) 1.17  1.47 223.3 +58.6  19.0 *
011 1803181 (318.11990 +18.00000) 1.14  1.12 214.6 +61.0  19.0 *
012 1803076 (307.60526 +18.00000) 1.21  1.82 231.0 +55.8  22.0 *
