#No  Block  (       RA       Dec) Airm HA       Az   Alt   Key Other
001 1000432 ( 43.20640 +10.00000) 1.56 -2.88 118.5 +40.0   6.0 *
002 1100433 ( 43.34640 +11.00000) 1.54 -2.89 117.5 +40.6   8.0 *
003 1400397 ( 39.73016 +14.00000) 1.41 -2.64 118.5 +45.2  10.0 *
004 1200445 ( 44.52292 +12.00000) 1.54 -2.96 115.5 +40.6  11.0 *
005 1300447 ( 44.69554 +13.00000) 1.52 -2.98 114.5 +41.2  13.0 *
006 1400449 ( 44.88322 +14.00000) 1.50 -2.99 113.4 +41.8  14.0 *
007 1100484 ( 48.43998 +11.00000) 1.65 -3.22 112.8 +37.3  17.0 *
008 1000483 ( 48.28354 +10.00000) 1.68 -3.21 113.8 +36.6  17.0 *
009 1300498 ( 49.82710 +13.00000) 1.63 -3.32 109.8 +37.8  22.0 *
010 1200496 ( 49.63464 +12.00000) 1.65 -3.30 110.8 +37.2  22.0 *
011 1400500 ( 50.03630 +14.00000) 1.61 -3.33 108.7 +38.3  25.0 *
