#No  Block  (       RA       Dec) Airm HA       Az   Alt   Key Other
001 1503153 (314.25810 +15.00000) 1.19  1.30 216.6 +57.1  12.0 *
002 1403252 (325.72545 +14.00000) 1.16  0.61 197.9 +59.7  13.0 *
003 1603262 (326.18590 +16.00000) 1.13  0.56 197.3 +61.8  13.0 *
004 1703263 (326.30810 +17.00000) 1.12  0.53 196.7 +62.9  13.0 *
005 1703226 (322.64820 +17.00000) 1.14  0.84 206.2 +61.6  13.0 *
006 1803234 (323.37718 +18.00000) 1.12  0.80 205.5 +62.8  15.0 *
007 1703070 (306.96280 +17.00000) 1.23  1.89 231.3 +54.4  15.0 *
008 1703174 (317.41970 +17.00000) 1.16  1.19 215.6 +59.6  16.0 *
009 1803129 (312.86256 +18.00000) 1.17  1.50 223.9 +58.4  17.0 *
010 1803181 (318.11990 +18.00000) 1.15  1.15 215.3 +60.8  18.0 *
011 1803076 (307.60526 +18.00000) 1.21  1.85 231.5 +55.6  20.0 *
