#No  Block  (       RA       Dec) Airm HA       Az   Alt   Key Other
001 1300396 ( 39.56400 +13.00000) 1.49 -2.88 115.8 +42.1   4.0 *
002 1000432 ( 43.20640 +10.00000) 1.64 -3.13 115.0 +37.5   8.0 *
003 1100433 ( 43.34640 +11.00000) 1.62 -3.14 114.0 +38.2   8.0 *
004 1400397 ( 39.73016 +14.00000) 1.47 -2.89 114.7 +42.8   9.0 *
005 1200445 ( 44.52292 +12.00000) 1.62 -3.21 112.1 +38.1  11.0 *
006 1300447 ( 44.69554 +13.00000) 1.60 -3.23 111.0 +38.7  13.0 *
007 1400449 ( 44.88322 +14.00000) 1.58 -3.24 110.0 +39.3  14.0 *
008 1300498 ( 49.82710 +13.00000) 1.74 -3.57 106.6 +35.2  19.0 *
009 1400500 ( 50.03630 +14.00000) 1.71 -3.58 105.5 +35.7  22.0 *
