#No  Block  (       RA       Dec) Airm HA       Az   Alt   Key Other
001 1100433 ( 43.34640 +11.00000) 1.47 -2.66 120.9 +42.8   9.0 *
002 1200445 ( 44.52292 +12.00000) 1.47 -2.74 118.9 +42.8  10.0 *
003 1400397 ( 39.73016 +14.00000) 1.36 -2.42 122.1 +47.3  14.0 *
004 1100484 ( 48.43998 +11.00000) 1.57 -3.00 115.9 +39.5  15.0 *
005 1300447 ( 44.69554 +13.00000) 1.45 -2.75 117.8 +43.4  15.0 *
006 1000483 ( 48.28354 +10.00000) 1.59 -2.99 116.9 +38.9  15.0 *
007 1400449 ( 44.88322 +14.00000) 1.44 -2.76 116.7 +44.1  17.0 *
008 1300498 ( 49.82710 +13.00000) 1.55 -3.09 112.8 +40.1  22.0 *
009 1200496 ( 49.63464 +12.00000) 1.57 -3.08 113.9 +39.5  22.0 *
010 1000534 ( 53.36066 +10.00000) 1.72 -3.33 112.3 +35.5  24.0 *
011 1100535 ( 53.53356 +11.00000) 1.70 -3.34 111.3 +36.1  26.0 *
012 1400500 ( 50.03630 +14.00000) 1.54 -3.11 111.7 +40.6  27.0 *
013 1200547 ( 54.74634 +12.00000) 1.70 -3.42 109.3 +36.0  31.0 *
014 1300550 ( 54.95860 +13.00000) 1.68 -3.43 108.3 +36.6  33.0 *
015 1400552 ( 55.18936 +14.00000) 1.66 -3.45 107.2 +37.1  35.0 *
