#No  Block  (       RA       Dec) Airm HA       Az   Alt   Key Other
001 1200445 ( 44.52292 +12.00000) 1.41 -2.49 122.8 +45.1  12.0 *
002 1000483 ( 48.28354 +10.00000) 1.52 -2.74 120.6 +41.3  12.0 *
003 1100484 ( 48.43998 +11.00000) 1.50 -2.75 119.6 +41.9  13.0 *
004 1300447 ( 44.69554 +13.00000) 1.39 -2.50 121.7 +45.8  14.0 *
005 1400397 ( 39.73016 +14.00000) 1.31 -2.17 126.4 +49.6  17.0 *
006 1400449 ( 44.88322 +14.00000) 1.38 -2.51 120.6 +46.5  18.0 *
007 1200496 ( 49.63464 +12.00000) 1.50 -2.83 117.5 +41.9  18.0 *
008 1300498 ( 49.82710 +13.00000) 1.48 -2.84 116.4 +42.5  23.0 *
009 1000534 ( 53.36066 +10.00000) 1.62 -3.08 115.7 +38.0  23.0 *
010 1100535 ( 53.53356 +11.00000) 1.60 -3.09 114.6 +38.6  24.0 *
011 1400500 ( 50.03630 +14.00000) 1.46 -2.86 115.3 +43.1  28.0 *
012 1200547 ( 54.74634 +12.00000) 1.60 -3.17 112.7 +38.5  29.0 *
013 1100586 ( 58.62714 +11.00000) 1.74 -3.43 110.1 +35.2  34.0 *
014 1300550 ( 54.95860 +13.00000) 1.58 -3.18 111.6 +39.1  34.0 *
015 1400552 ( 55.18936 +14.00000) 1.57 -3.20 110.5 +39.7  35.0 *
016 1200599 ( 59.85804 +12.00000) 1.74 -3.51 108.2 +35.1  39.0 *
017 1300601 ( 60.09010 +13.00000) 1.72 -3.53 107.1 +35.6  40.0 *
018 1400603 ( 60.34242 +14.00000) 1.70 -3.54 106.0 +36.1  46.0 *
