#No  Block  (       RA       Dec) Airm HA       Az   Alt   Key Other
001 1703263 (326.30810 +17.00000) 1.13  0.70 202.0 +62.2   9.0 *
002 1703226 (322.64820 +17.00000) 1.15  1.02 211.0 +60.7   9.0 *
003 1403252 (325.72545 +14.00000) 1.17  0.79 202.7 +59.0  11.0 *
004 1703070 (306.96280 +17.00000) 1.25  2.07 234.6 +52.9  11.0 *
005 1803234 (323.37718 +18.00000) 1.13  0.97 210.5 +61.9  12.0 *
006 1703174 (317.41970 +17.00000) 1.17  1.37 219.9 +58.5  12.0 *
007 1803129 (312.86256 +18.00000) 1.19  1.67 227.8 +57.0  14.0 *
008 1803181 (318.11990 +18.00000) 1.16  1.32 219.7 +59.7  14.0 *
009 1803076 (307.60526 +18.00000) 1.24  2.02 234.9 +54.0  16.0 *
