#No  Block  (       RA       Dec) Airm HA       Az   Alt   Key Other
001 1200547 ( 54.74634 +12.00000) 1.22 -1.17 148.8 +55.2  21.0 *
002 1100586 ( 58.62714 +11.00000) 1.26 -1.43 143.7 +52.8  22.0 *
003 1300498 ( 49.82710 +13.00000) 1.18 -0.84 156.4 +57.8  26.0 *
004 1400449 ( 44.88322 +14.00000) 1.15 -0.51 165.0 +60.0  29.0 *
005 1000635 ( 63.51494 +10.00000) 1.31 -1.75 137.6 +49.6  30.0 *
006 1300550 ( 54.95860 +13.00000) 1.21 -1.18 147.8 +56.1  30.0 *
007 1200599 ( 59.85804 +12.00000) 1.25 -1.51 141.1 +53.1  31.0 *
008 1400397 ( 39.73016 +14.00000) 1.15 -0.17 175.0 +60.6  34.0 *
009 1100637 ( 63.72072 +11.00000) 1.30 -1.77 136.6 +50.4  35.0 *
010 1400500 ( 50.03630 +14.00000) 1.17 -0.86 155.5 +58.7  36.0 *
011 1000686 ( 68.59206 +10.00000) 1.37 -2.09 131.2 +47.0  38.0 *
012 1200650 ( 64.96974 +12.00000) 1.29 -1.85 134.1 +50.6  39.0 *
013 1400552 ( 55.18936 +14.00000) 1.19 -1.20 146.7 +56.9  40.0 *
014 1300601 ( 60.09010 +13.00000) 1.24 -1.53 140.0 +53.9  41.0 *
015 1100688 ( 68.81430 +11.00000) 1.35 -2.11 130.1 +47.7  43.0 *
016 1300652 ( 65.22160 +13.00000) 1.28 -1.87 132.9 +51.3  45.0 *
017 1000737 ( 73.66922 +10.00000) 1.44 -2.43 125.4 +44.1  46.0 *
018 1400603 ( 60.34242 +14.00000) 1.23 -1.54 138.8 +54.6  49.0 *
019 1200701 ( 70.08144 +12.00000) 1.35 -2.19 127.8 +47.8  51.0 *
020 1100739 ( 73.90790 +11.00000) 1.42 -2.45 124.3 +44.7  54.0 *
021 1400655 ( 65.49550 +14.00000) 1.27 -1.89 131.7 +52.0  55.0 *
022 1300704 ( 70.35314 +13.00000) 1.34 -2.21 126.6 +48.4  58.0 *
023 1200752 ( 75.19314 +12.00000) 1.42 -2.53 122.1 +44.7  58.0 *
024 1000787 ( 78.74634 +10.00000) 1.53 -2.77 120.1 +41.0  59.0 *
025 1100790 ( 79.00150 +11.00000) 1.51 -2.79 119.0 +41.6  65.0 *
026 1000838 ( 83.82346 +10.00000) 1.64 -3.11 115.2 +37.7  66.0 *
027 1400706 ( 70.64858 +14.00000) 1.32 -2.23 125.3 +49.0  69.0 *
028 1300755 ( 75.48470 +13.00000) 1.41 -2.55 120.8 +45.3  69.0 *
029 1100836 ( 83.58570 +11.00000) 1.61 -3.12 114.2 +38.3  71.0 *
030 1400758 ( 75.80164 +14.00000) 1.39 -2.57 119.6 +45.9  74.0 *
031 1200803 ( 80.30484 +12.00000) 1.51 -2.87 116.8 +41.5  74.0 *
032 1200839 ( 83.88305 +12.00000) 1.61 -3.19 112.4 +38.4  81.0 *
033 1300806 ( 80.61620 +13.00000) 1.49 -2.89 115.6 +42.0  81.0 *
034 1400810 ( 80.95470 +14.00000) 1.48 -2.92 114.4 +42.5  82.0 *
035 1300837 ( 83.69510 +13.00000) 1.59 -3.20 111.4 +39.0  83.0 *
