#No  Block  (       RA       Dec) Airm HA       Az   Alt   Key Other
001 1603168 (315.78290 +16.00000) 1.13 -0.10 176.9 +62.7  19.0 *
002 1703070 (306.96280 +17.00000) 1.13  0.59 198.7 +62.7  19.0 *
003 1603064 (306.42020 +16.00000) 1.14  0.63 199.3 +61.6  19.0 *
004 1603116 (311.62170 +16.00000) 1.13  0.28 188.8 +62.5  20.0 *
005 1803129 (312.86256 +18.00000) 1.11  0.20 186.6 +64.6  21.0 *
006 1703174 (317.41970 +17.00000) 1.12 -0.11 176.5 +63.7  21.0 *
007 1703122 (312.19130 +17.00000) 1.12  0.24 187.8 +63.5  21.0 *
008 1503153 (314.25810 +15.00000) 1.14  0.00 180.1 +61.7  21.0 *
009 1803076 (307.60526 +18.00000) 1.11  0.55 197.9 +63.8  22.0 *
010 1803181 (318.11990 +18.00000) 1.11 -0.15 174.9 +64.6  25.0 *
011 1403201 (320.05708 +14.00000) 1.15 -0.28 171.6 +60.5  26.0 *
012 1503205 (320.46970 +15.00000) 1.14 -0.41 167.6 +61.2  27.0 *
013 1803234 (323.37718 +18.00000) 1.11 -0.50 163.5 +63.9  29.0 *
014 1703226 (322.64820 +17.00000) 1.12 -0.46 165.4 +63.1  31.0 *
015 1503256 (325.64612 +15.00000) 1.15 -0.66 160.4 +60.5  31.0 *
016 1403252 (325.72545 +14.00000) 1.16 -0.69 160.1 +59.4  33.0 *
017 1603262 (326.18590 +16.00000) 1.14 -0.74 157.4 +61.1  36.0 *
018 1703263 (326.30810 +17.00000) 1.13 -0.77 155.8 +61.9  38.0 *
