#No  Block  (       RA       Dec) Airm HA       Az   Alt   Key Other
001 1300344 ( 35.45880 +13.00000) 1.52 -2.98 114.3 +41.1   5.0 *
002 1200394 ( 39.41122 +12.00000) 1.60 -3.15 113.0 +38.8   7.0 *
003 1300396 ( 39.56400 +13.00000) 1.58 -3.16 111.9 +39.4   8.0 *
004 1400397 ( 39.73016 +14.00000) 1.56 -3.17 110.9 +40.0  11.0 *
005 1100433 ( 43.34640 +11.00000) 1.73 -3.41 110.3 +35.4  13.0 *
006 1500409 ( 40.94516 +15.00000) 1.56 -3.25 108.9 +39.9  14.0 *
007 1200445 ( 44.52292 +12.00000) 1.73 -3.49 108.5 +35.3  16.0 *
008 1300447 ( 44.69554 +13.00000) 1.71 -3.50 107.4 +35.9  18.0 *
009 1400449 ( 44.88322 +14.00000) 1.68 -3.51 106.4 +36.4  19.0 *
010 1500461 ( 46.12156 +15.00000) 1.69 -3.60 104.5 +36.3  24.0 *
