#No  Block  (       RA       Dec) Airm HA       Az   Alt   Key Other
001 1603116 (311.62170 +16.00000) 1.13  0.55 197.1 +61.8  17.0 *
002 1703122 (312.19130 +17.00000) 1.12  0.52 196.5 +62.9  17.0 *
003 1803129 (312.86256 +18.00000) 1.11  0.47 195.5 +64.0  19.0 *
004 1703174 (317.41970 +17.00000) 1.12  0.17 185.4 +63.6  20.0 *
005 1503153 (314.25810 +15.00000) 1.14  0.28 188.5 +61.5  21.0 *
006 1703070 (306.96280 +17.00000) 1.14  0.87 206.8 +61.5  21.0 *
007 1803181 (318.11990 +18.00000) 1.11  0.12 184.1 +64.7  21.0 *
008 1503205 (320.46970 +15.00000) 1.14 -0.14 175.9 +61.7  22.0 *
009 1403201 (320.05708 +14.00000) 1.15 -0.01 179.8 +60.7  23.0 *
010 1703226 (322.64820 +17.00000) 1.12 -0.18 174.2 +63.6  23.0 *
011 1803076 (307.60526 +18.00000) 1.13  0.82 206.3 +62.7  23.0 *
012 1803234 (323.37718 +18.00000) 1.11 -0.23 172.4 +64.6  24.0 *
013 1503256 (325.64612 +15.00000) 1.14 -0.38 168.5 +61.3  27.0 *
014 1603262 (326.18590 +16.00000) 1.13 -0.47 165.5 +62.1  27.0 *
015 1703263 (326.30810 +17.00000) 1.12 -0.50 164.1 +63.0  27.0 *
016 1403252 (325.72545 +14.00000) 1.15 -0.41 167.9 +60.2  28.0 *
