#No  Block  (       RA       Dec) Airm HA       Az   Alt   Key Other
001 1703070 (306.96280 +17.00000) 1.13  0.62 199.5 +62.6  17.0 *
002 1603064 (306.42020 +16.00000) 1.14  0.65 200.0 +61.5  17.0 *
003 1703174 (317.41970 +17.00000) 1.12 -0.08 177.4 +63.7  18.0 *
004 1603116 (311.62170 +16.00000) 1.13  0.30 189.5 +62.4  18.0 *
005 1803129 (312.86256 +18.00000) 1.11  0.22 187.4 +64.6  20.0 *
006 1703122 (312.19130 +17.00000) 1.12  0.27 188.6 +63.5  20.0 *
007 1503153 (314.25810 +15.00000) 1.14  0.03 180.9 +61.7  20.0 *
008 1803076 (307.60526 +18.00000) 1.12  0.57 198.7 +63.7  22.0 *
009 1803181 (318.11990 +18.00000) 1.11 -0.13 175.7 +64.7  23.0 *
010 1503205 (320.46970 +15.00000) 1.14 -0.39 168.3 +61.3  24.0 *
011 1403201 (320.05708 +14.00000) 1.15 -0.26 172.4 +60.5  25.0 *
012 1803234 (323.37718 +18.00000) 1.11 -0.48 164.3 +64.0  27.0 *
013 1703226 (322.64820 +17.00000) 1.12 -0.43 166.2 +63.2  29.0 *
014 1403252 (325.72545 +14.00000) 1.16 -0.66 160.8 +59.5  30.0 *
015 1503256 (325.64612 +15.00000) 1.15 -0.63 161.2 +60.6  30.0 *
016 1603262 (326.18590 +16.00000) 1.14 -0.72 158.1 +61.2  33.0 *
017 1703263 (326.30810 +17.00000) 1.13 -0.75 156.6 +62.0  35.0 *
