#No  Block  (       RA       Dec) Airm HA       Az   Alt   Key Other
001 1000584 ( 58.43780 +10.00000) 1.30 -1.67 139.4 +50.3  22.0 *
002 1300498 ( 49.82710 +13.00000) 1.20 -1.09 150.1 +56.6  27.0 *
003 1200547 ( 54.74634 +12.00000) 1.24 -1.42 143.1 +53.7  28.0 *
004 1100586 ( 58.62714 +11.00000) 1.29 -1.68 138.4 +51.0  29.0 *
005 1400449 ( 44.88322 +14.00000) 1.17 -0.76 158.0 +59.1  30.0 *
006 1300550 ( 54.95860 +13.00000) 1.23 -1.43 142.0 +54.5  31.0 *
007 1000635 ( 63.51494 +10.00000) 1.35 -2.00 132.9 +47.7  33.0 *
008 1400397 ( 39.73016 +14.00000) 1.15 -0.42 167.6 +60.2  35.0 *
009 1200599 ( 59.85804 +12.00000) 1.28 -1.76 135.9 +51.3  35.0 *
010 1100637 ( 63.72072 +11.00000) 1.34 -2.02 131.8 +48.4  36.0 *
011 1400500 ( 50.03630 +14.00000) 1.19 -1.11 149.0 +57.4  37.0 *
012 1000686 ( 68.59206 +10.00000) 1.42 -2.34 126.9 +44.9  40.0 *
013 1400552 ( 55.18936 +14.00000) 1.22 -1.45 140.9 +55.3  41.0 *
014 1200650 ( 64.96974 +12.00000) 1.33 -2.10 129.4 +48.6  42.0 *
015 1300601 ( 60.09010 +13.00000) 1.27 -1.78 134.8 +52.0  43.0 *
016 1000737 ( 73.66922 +10.00000) 1.50 -2.68 121.5 +41.8  48.0 *
017 1100688 ( 68.81430 +11.00000) 1.40 -2.36 125.8 +45.5  48.0 *
018 1300652 ( 65.22160 +13.00000) 1.32 -2.12 128.2 +49.2  48.0 *
019 1400603 ( 60.34242 +14.00000) 1.26 -1.79 133.5 +52.7  51.0 *
020 1200701 ( 70.08144 +12.00000) 1.40 -2.44 123.5 +45.6  51.0 *
021 1100739 ( 73.90790 +11.00000) 1.48 -2.70 120.4 +42.4  56.0 *
022 1400655 ( 65.49550 +14.00000) 1.31 -2.14 127.0 +49.9  58.0 *
023 1300704 ( 70.35314 +13.00000) 1.39 -2.46 122.3 +46.2  61.0 *
024 1000787 ( 78.74634 +10.00000) 1.60 -3.02 116.5 +38.6  61.0 *
025 1200752 ( 75.19314 +12.00000) 1.48 -2.78 118.2 +42.4  64.0 *
026 1100790 ( 79.00150 +11.00000) 1.58 -3.04 115.4 +39.1  64.0 *
027 1000838 ( 83.82346 +10.00000) 1.74 -3.36 111.8 +35.2  68.0 *
028 1200803 ( 80.30484 +12.00000) 1.59 -3.12 113.3 +39.0  71.0 *
029 1400706 ( 70.64858 +14.00000) 1.37 -2.48 121.1 +46.8  72.0 *
030 1100836 ( 83.58570 +11.00000) 1.71 -3.37 110.9 +35.8  72.0 *
031 1300755 ( 75.48470 +13.00000) 1.47 -2.80 117.0 +42.9  72.0 *
032 1400758 ( 75.80164 +14.00000) 1.45 -2.82 115.8 +43.5  77.0 *
033 1300806 ( 80.61620 +13.00000) 1.57 -3.14 112.1 +39.5  84.0 *
034 1200839 ( 83.88305 +12.00000) 1.71 -3.44 109.1 +35.8  84.0 *
035 1400810 ( 80.95470 +14.00000) 1.56 -3.17 110.9 +40.0  85.0 *
036 1300837 ( 83.69510 +13.00000) 1.69 -3.45 108.1 +36.4  86.0 *
