#No  Block  (       RA       Dec) Airm HA       Az   Alt   Key Other
001 1703226 (322.64820 +17.00000) 1.15  1.12 213.7 +60.1   9.0 *
002 1403252 (325.72545 +14.00000) 1.17  0.89 205.4 +58.6  10.0 *
003 1703070 (306.96280 +17.00000) 1.27  2.17 236.5 +52.0  11.0 *
004 1803234 (323.37718 +18.00000) 1.14  1.07 213.2 +61.3  12.0 *
005 1703174 (317.41970 +17.00000) 1.18  1.47 222.2 +57.8  12.0 *
006 1803129 (312.86256 +18.00000) 1.20  1.77 229.9 +56.2  14.0 *
007 1803181 (318.11990 +18.00000) 1.17  1.42 222.1 +59.0  15.0 *
008 1803076 (307.60526 +18.00000) 1.25  2.12 236.7 +53.1  17.0 *
009 1600359 ( 35.94230 +16.00000) 1.74 -3.77 101.5 +35.1  19.0 *
010 1700361 ( 36.12866 +17.00000) 1.72 -3.78 100.4 +35.6  19.0 *
011 1800374 ( 37.37948 +18.00000) 1.73 -3.86  98.5 +35.4  27.0 *
