#No  Block  (       RA       Dec) Airm HA       Az   Alt   Key Other
001 1000534 ( 53.36066 +10.00000) 1.37 -2.08 131.5 +47.1  14.0 *
002 1200496 ( 49.63464 +12.00000) 1.29 -1.83 134.6 +50.8  16.0 *
003 1100535 ( 53.53356 +11.00000) 1.35 -2.09 130.5 +47.8  19.0 *
004 1300498 ( 49.82710 +13.00000) 1.28 -1.84 133.4 +51.5  22.0 *
005 1400449 ( 44.88322 +14.00000) 1.22 -1.51 139.5 +54.8  24.0 *
006 1200547 ( 54.74634 +12.00000) 1.35 -2.17 128.2 +48.0  25.0 *
007 1000584 ( 58.43780 +10.00000) 1.43 -2.42 125.7 +44.2  26.0 *
008 1400397 ( 39.73016 +14.00000) 1.19 -1.17 147.5 +57.1  27.0 *
009 1100586 ( 58.62714 +11.00000) 1.42 -2.43 124.6 +44.9  30.0 *
010 1400500 ( 50.03630 +14.00000) 1.27 -1.86 132.3 +52.2  32.0 *
011 1300550 ( 54.95860 +13.00000) 1.33 -2.18 127.0 +48.7  33.0 *
012 1400552 ( 55.18936 +14.00000) 1.32 -2.20 125.8 +49.3  35.0 *
013 1000635 ( 63.51494 +10.00000) 1.52 -2.75 120.3 +41.1  35.0 *
014 1200599 ( 59.85804 +12.00000) 1.42 -2.51 122.4 +44.9  36.0 *
015 1300601 ( 60.09010 +13.00000) 1.40 -2.53 121.3 +45.6  38.0 *
016 1100637 ( 63.72072 +11.00000) 1.50 -2.77 119.3 +41.7  41.0 *
017 1000686 ( 68.59206 +10.00000) 1.63 -3.09 115.4 +37.8  47.0 *
018 1100688 ( 68.81430 +11.00000) 1.61 -3.11 114.4 +38.4  47.0 *
019 1400603 ( 60.34242 +14.00000) 1.39 -2.54 120.1 +46.2  48.0 *
020 1200650 ( 64.96974 +12.00000) 1.50 -2.85 117.2 +41.7  48.0 *
021 1300652 ( 65.22160 +13.00000) 1.49 -2.87 116.0 +42.3  49.0 *
022 1200701 ( 70.08144 +12.00000) 1.61 -3.19 112.3 +38.3  54.0 *
023 1400655 ( 65.49550 +14.00000) 1.47 -2.89 114.8 +42.8  57.0 *
024 1100739 ( 73.90790 +11.00000) 1.74 -3.45 109.8 +35.0  59.0 *
025 1300704 ( 70.35314 +13.00000) 1.59 -3.21 111.2 +38.9  61.0 *
026 1400706 ( 70.64858 +14.00000) 1.58 -3.23 110.0 +39.4  69.0 *
027 1300755 ( 75.48470 +13.00000) 1.73 -3.55 106.8 +35.3  70.0 *
028 1400758 ( 75.80164 +14.00000) 1.71 -3.57 105.6 +35.8  72.0 *
