#MJD Time   LST  No Object     RA        Dec    Airm    Az   Alt Cost
7633 22.11 20.93  1    5548 315.78290 +16.00000 1.13 176.1 +62.7   90
7633 22.13 20.95  2    5537 304.33960 +16.00000 1.14 200.4 +61.4   90
7633 22.16 20.98  2    5538 305.37990 +16.00000 1.14 199.1 +61.6   90
7633 22.18 21.00  2    5539 306.42020 +16.00000 1.14 197.8 +61.7   90
7633 22.21 21.03  2    5540 307.46050 +16.00000 1.13 196.5 +61.9   90
7633 22.23 21.05  2    5541 308.50080 +16.00000 1.13 195.1 +62.0   90
7633 22.26 21.08  2    5537 304.33960 +16.00000 1.14 204.0 +60.9   90
7633 22.28 21.10  2    5538 305.37990 +16.00000 1.14 202.7 +61.1   90
7633 22.31 21.13  2    5539 306.42020 +16.00000 1.14 201.4 +61.3   90
7633 22.33 21.15  2    5540 307.46050 +16.00000 1.14 200.1 +61.5   90
7633 22.36 21.18  2    5541 308.50080 +16.00000 1.14 198.8 +61.6   90
7633 22.38 21.20  3    5542 309.54110 +16.00000 1.14 197.5 +61.8   90
7633 22.41 21.23  3    5543 310.58140 +16.00000 1.13 196.2 +61.9   90
7633 22.43 21.25  3    5544 311.62170 +16.00000 1.13 194.9 +62.0   90
7633 22.46 21.28  3    5545 312.66200 +16.00000 1.13 193.5 +62.2   90
7633 22.48 21.30  3    5546 313.70230 +16.00000 1.13 192.2 +62.3   90
7633 22.51 21.33  3    5542 309.54110 +16.00000 1.14 201.2 +61.3   90
7633 22.53 21.35  3    5543 310.58140 +16.00000 1.14 199.9 +61.5   90
7633 22.56 21.38  3    5544 311.62170 +16.00000 1.14 198.6 +61.6   90
7633 22.58 21.40  3    5545 312.66200 +16.00000 1.13 197.3 +61.8   90
7633 22.61 21.43  3    5546 313.70230 +16.00000 1.13 196.0 +61.9   90
7633 22.63 21.45  4    5842 310.09990 +17.00000 1.13 204.4 +61.9   90
7633 22.66 21.48  4    5843 311.14560 +17.00000 1.13 203.1 +62.1   90
7633 22.68 21.50  4    5844 312.19130 +17.00000 1.13 201.7 +62.3   90
7633 22.71 21.53  4    5845 313.23700 +17.00000 1.13 200.4 +62.5   90
7633 22.73 21.55  4    5846 314.28270 +17.00000 1.13 199.1 +62.6   90
7633 22.76 21.58  4    5842 310.09990 +17.00000 1.14 207.9 +61.3   90
7633 22.78 21.60  4    5843 311.14560 +17.00000 1.14 206.7 +61.5   90
7633 22.81 21.63  4    5844 312.19130 +17.00000 1.14 205.4 +61.7   90
7633 22.83 21.65  4    5845 313.23700 +17.00000 1.13 204.1 +61.9   90
7633 22.86 21.68  4    5846 314.28270 +17.00000 1.13 202.8 +62.1   90
7633 22.88 21.70  5    4946 317.99580 +14.00000 1.15 194.8 +60.0   90
7633 22.91 21.73  5    4947 319.02650 +14.00000 1.15 193.6 +60.1   90
7633 22.93 21.75  5    4948 320.05710 +14.00000 1.15 192.3 +60.2   90
7633 22.96 21.78  5    4949 321.08770 +14.00000 1.15 191.0 +60.3   90
7633 22.98 21.80  5    4950 322.11830 +14.00000 1.15 189.8 +60.4   90
7633 23.01 21.83  5    4946 317.99580 +14.00000 1.16 198.4 +59.6   90
7633 23.03 21.85  5    4947 319.02650 +14.00000 1.16 197.1 +59.8   90
7633 23.06 21.88  5    4948 320.05710 +14.00000 1.16 195.9 +59.9   90
7633 23.08 21.90  5    4949 321.08770 +14.00000 1.15 194.6 +60.0   90
7633 23.11 21.93  5    4950 322.11830 +14.00000 1.15 193.4 +60.1   90
7633 23.13 21.95  6    5255 323.57560 +15.00000 1.14 191.6 +61.3   90
7633 23.16 21.98  6    5256 324.61080 +15.00000 1.14 190.3 +61.4   90
7633 23.18 22.00  6    5257 325.64610 +15.00000 1.14 189.0 +61.5   90
7633 23.21 22.03  6    5258 326.68140 +15.00000 1.14 187.6 +61.5   90
7633 23.23 22.05  6    5259 327.71670 +15.00000 1.14 186.3 +61.6   90
7633 23.26 22.08  6    5255 323.57560 +15.00000 1.14 195.3 +61.0   90
7633 23.28 22.10  6    5256 324.61080 +15.00000 1.14 194.0 +61.1   90
7633 23.31 22.13  6    5257 325.64610 +15.00000 1.14 192.7 +61.2   90
7633 23.33 22.15  6    5258 326.68140 +15.00000 1.14 191.4 +61.3   90
7633 23.36 22.18  6    5259 327.71670 +15.00000 1.14 190.1 +61.4   90
7633 23.38 22.20  7    5252 320.46970 +15.00000 1.16 204.7 +59.7   90
7633 23.41 22.23  8    5246 314.25810 +15.00000 1.19 216.0 +57.3   90
7633 23.43 22.25  9    5557 325.14560 +16.00000 1.14 197.8 +61.7   90
7633 23.46 22.28  9    5558 326.18590 +16.00000 1.13 196.5 +61.9   90
7633 23.48 22.30  9    5559 327.22620 +16.00000 1.13 195.2 +62.0   90
7633 23.51 22.33  9    5557 325.14560 +16.00000 1.14 200.0 +61.5   90
7633 23.53 22.35  9    5558 326.18590 +16.00000 1.14 198.7 +61.6   90
7633 23.56 22.38  9    5559 327.22620 +16.00000 1.13 197.4 +61.8   90
7633 23.58 22.40 10    5857 325.78520 +17.00000 1.13 201.6 +62.3   90
7633 23.61 22.43 10    5858 326.83100 +17.00000 1.13 200.2 +62.5   90
7633 23.63 22.45 10    5857 325.78520 +17.00000 1.13 203.0 +62.1   90
7633 23.66 22.48 10    5858 326.83100 +17.00000 1.13 201.7 +62.3   90
7633 23.68 22.50 11    5852 320.55680 +17.00000 1.15 214.0 +60.0   90
7633 23.71 22.53 11    5853 321.60250 +17.00000 1.15 212.9 +60.3   90
7633 23.73 22.55 11    5854 322.64820 +17.00000 1.15 211.7 +60.5   90
7633 23.76 22.58 11    5855 323.69390 +17.00000 1.15 210.5 +60.8   90
7633 23.78 22.60 11    5856 324.73960 +17.00000 1.14 209.3 +61.0   90
7633 23.81 22.63 11    5852 320.55680 +17.00000 1.16 217.2 +59.2   90
7633 23.83 22.65 11    5853 321.60250 +17.00000 1.16 216.1 +59.5   90
7633 23.86 22.68 11    5854 322.64820 +17.00000 1.16 215.0 +59.8   90
7633 23.88 22.70 11    5855 323.69390 +17.00000 1.15 213.8 +60.1   90
7633 23.91 22.73 11    5856 324.73960 +17.00000 1.15 212.6 +60.3   90
7633 23.93 22.75 12    4952 324.17950 +14.00000 1.19 211.9 +57.2   90
7633 23.96 22.78 12    4953 325.21010 +14.00000 1.19 210.8 +57.5   90
7633 23.98 22.80 12    4954 326.24080 +14.00000 1.18 209.7 +57.7   90
7633 24.01 22.83 12    4955 327.27140 +14.00000 1.18 208.6 +58.0   90
7633 24.03 22.85 13    4715  32.51590 +14.00000 1.61 109.0 +38.5   90
7633 24.06 22.88 13    4716  33.54650 +14.00000 1.62 108.4 +38.1   90
7633 24.08 22.90 13    4717  34.57710 +14.00000 1.64 107.8 +37.6   90
7633 24.11 22.93 13    4718  35.60770 +14.00000 1.66 107.3 +37.2   90
7633 24.13 22.95 13    4719  36.63830 +14.00000 1.67 106.7 +36.7   90
7633 24.16 22.98 13    4715  32.51590 +14.00000 1.56 110.6 +39.8   90
7633 24.18 23.00 13    4716  33.54650 +14.00000 1.58 110.0 +39.4   90
7633 24.21 23.03 13    4717  34.57710 +14.00000 1.59 109.4 +38.9   90
7633 24.23 23.05 13    4718  35.60770 +14.00000 1.61 108.9 +38.5   90
7633 24.26 23.08 13    4719  36.63830 +14.00000 1.62 108.3 +38.0   90
7633 24.28 23.10 14    5020  33.69820 +15.00000 1.52 110.3 +41.0   90
7633 24.31 23.13 14    5021  34.73350 +15.00000 1.54 109.7 +40.5   90
7633 24.33 23.15 14    5022  35.76880 +15.00000 1.55 109.1 +40.1   90
7633 24.36 23.18 14    5023  36.80410 +15.00000 1.57 108.6 +39.6   90
7633 24.38 23.20 14    5024  37.83930 +15.00000 1.58 108.0 +39.2   90
7633 24.41 23.23 14    5020  33.69820 +15.00000 1.49 112.0 +42.3   90
7633 24.43 23.25 14    5021  34.73350 +15.00000 1.50 111.4 +41.8   90
7633 24.46 23.28 14    5022  35.76880 +15.00000 1.51 110.8 +41.4   90
7633 24.48 23.30 14    5023  36.80410 +15.00000 1.53 110.2 +40.9   90
7633 24.51 23.33 14    5024  37.83930 +15.00000 1.54 109.6 +40.5   90
7633 24.53 23.35 15    4413  35.45880 +13.00000 1.53 114.0 +40.9   90
7633 24.56 23.38 16    4107  37.36650 +12.00000 1.58 113.5 +39.1   90
7633 24.58 23.40 16    4108  38.38890 +12.00000 1.60 112.9 +38.7   90
7633 24.61 23.43 16    4109  39.41120 +12.00000 1.61 112.3 +38.3   90
7633 24.63 23.45 16    4110  40.43360 +12.00000 1.63 111.7 +37.8   90
7633 24.66 23.48 16    4111  41.45590 +12.00000 1.65 111.1 +37.4   90
7633 24.68 23.50 16    4107  37.36650 +12.00000 1.54 115.2 +40.4   90
7633 24.71 23.53 16    4108  38.38890 +12.00000 1.56 114.6 +40.0   90
7633 24.73 23.55 16    4109  39.41120 +12.00000 1.57 114.0 +39.5   90
7633 24.76 23.58 16    4110  40.43360 +12.00000 1.59 113.4 +39.1   90
7633 24.78 23.60 16    4111  41.45590 +12.00000 1.60 112.8 +38.7   90
7633 24.81 23.63 17    4415  37.51140 +13.00000 1.49 116.0 +42.3   90
7633 24.83 23.65 17    4416  38.53770 +13.00000 1.50 115.3 +41.8   90
7633 24.86 23.68 17    4417  39.56400 +13.00000 1.51 114.7 +41.4   90
7633 24.88 23.70 17    4418  40.59030 +13.00000 1.53 114.1 +41.0   90
7633 24.91 23.73 17    4419  41.61660 +13.00000 1.54 113.5 +40.5   90
7633 24.93 23.75 17    4415  37.51140 +13.00000 1.45 117.8 +43.5   90
7633 24.96 23.78 17    4416  38.53770 +13.00000 1.46 117.2 +43.1   90
7633 24.98 23.80 17    4417  39.56400 +13.00000 1.48 116.5 +42.6   90
7633 25.01 23.83 17    4418  40.59030 +13.00000 1.49 115.9 +42.2   90
7633 25.03 23.85 17    4419  41.61660 +13.00000 1.50 115.3 +41.8   90
7633 25.06 23.88 18    3494  42.19100 +10.00000 1.58 117.7 +39.4   90
7633 25.08 23.90 18    3495  43.20640 +10.00000 1.59 117.1 +39.0   90
7633 25.11 23.93 18    3496  44.22180 +10.00000 1.60 116.5 +38.6   90
7633 25.13 23.95 18    3497  45.23730 +10.00000 1.62 115.9 +38.2   90
7633 25.16 23.98 18    3493  41.17550 +10.00000 1.52 120.2 +41.0   90
7633 25.18  0.00 18    3494  42.19100 +10.00000 1.54 119.5 +40.6   90
7633 25.21  0.03 18    3495  43.20640 +10.00000 1.55 118.9 +40.2   90
7633 25.23  0.05 18    3496  44.22180 +10.00000 1.56 118.3 +39.8   90
7633 25.26  0.08 18    3497  45.23730 +10.00000 1.58 117.7 +39.4   90
7633 25.28  0.10 19    3803  41.30900 +11.00000 1.47 121.1 +42.9   90
7633 25.31  0.13 19    3804  42.32770 +11.00000 1.48 120.4 +42.5   90
7633 25.33  0.15 19    3805  43.34640 +11.00000 1.49 119.8 +42.1   90
7633 25.36  0.18 19    3806  44.36510 +11.00000 1.50 119.1 +41.7   90
7633 25.38  0.20 19    3807  45.38380 +11.00000 1.52 118.5 +41.2   90
7633 25.41  0.23 19    3803  41.30900 +11.00000 1.44 123.1 +44.0   90
7633 25.43  0.25 19    3804  42.32770 +11.00000 1.45 122.4 +43.6   90
7633 25.46  0.28 19    3805  43.34640 +11.00000 1.46 121.7 +43.2   90
7633 25.48  0.30 19    3806  44.36510 +11.00000 1.47 121.0 +42.8   90
7633 25.51  0.33 19    3807  45.38380 +11.00000 1.48 120.4 +42.4   90
7633 25.53  0.35 20    4112  42.47820 +12.00000 1.41 123.0 +45.2   90
7633 25.56  0.38 20    4113  43.50060 +12.00000 1.42 122.3 +44.8   90
7633 25.58  0.40 20    4114  44.52290 +12.00000 1.43 121.6 +44.4   90
7633 25.61  0.43 20    4115  45.54530 +12.00000 1.44 120.9 +44.0   90
7633 25.63  0.45 20    4116  46.56760 +12.00000 1.45 120.2 +43.6   90
7633 25.66  0.48 20    4112  42.47820 +12.00000 1.38 125.0 +46.4   90
7633 25.68  0.50 20    4113  43.50060 +12.00000 1.39 124.3 +46.0   90
7633 25.71  0.53 20    4114  44.52290 +12.00000 1.40 123.6 +45.6   90
7633 25.73  0.55 20    4115  45.54530 +12.00000 1.41 122.9 +45.2   90
7633 25.76  0.58 20    4116  46.56760 +12.00000 1.42 122.2 +44.8   90
7633 25.78  0.60 21    3498  46.25270 +10.00000 1.45 124.7 +43.6   90
7633 25.81  0.63 21    3499  47.26810 +10.00000 1.46 124.0 +43.3   90
7633 25.83  0.65 21    3500  48.28350 +10.00000 1.47 123.3 +42.9   90
7633 25.86  0.68 21    3501  49.29900 +10.00000 1.48 122.6 +42.5   90
7633 25.88  0.70 21    3502  50.31440 +10.00000 1.49 121.9 +42.1   90
7633 25.91  0.73 21    3498  46.25270 +10.00000 1.42 126.7 +44.8   90
7633 25.93  0.75 21    3499  47.26810 +10.00000 1.43 126.0 +44.4   90
7633 25.96  0.78 21    3500  48.28350 +10.00000 1.44 125.3 +44.0   90
7633 25.98  0.80 21    3501  49.29900 +10.00000 1.45 124.6 +43.6   90
7633 26.01  0.83 21    3502  50.31440 +10.00000 1.46 123.9 +43.2   90
7633 26.03  0.85 22    3808  46.40250 +11.00000 1.38 127.8 +46.6   90
7633 26.06  0.88 22    3809  47.42130 +11.00000 1.39 127.1 +46.2   90
7633 26.08  0.90 22    3810  48.44000 +11.00000 1.39 126.4 +45.8   90
7633 26.11  0.93 22    3811  49.45870 +11.00000 1.40 125.6 +45.4   90
7633 26.13  0.95 22    3812  50.47740 +11.00000 1.41 124.9 +45.1   90
7633 26.16  0.98 22    3808  46.40250 +11.00000 1.35 130.0 +47.6   90
7633 26.18  1.00 22    3809  47.42130 +11.00000 1.36 129.3 +47.3   90
7633 26.21  1.03 22    3810  48.44000 +11.00000 1.37 128.5 +46.9   90
7633 26.23  1.05 22    3811  49.45870 +11.00000 1.38 127.8 +46.5   90
7633 26.26  1.08 22    3812  50.47740 +11.00000 1.39 127.0 +46.2   90
7633 26.28  1.10 23    4420  42.64290 +13.00000 1.26 135.5 +52.3   90
7633 26.31  1.13 23    4421  43.66920 +13.00000 1.27 134.6 +52.0   90
7633 26.33  1.15 23    4422  44.69550 +13.00000 1.28 133.8 +51.6   90
7633 26.36  1.18 23    4423  45.72190 +13.00000 1.28 132.9 +51.3   90
7633 26.38  1.20 23    4424  46.74820 +13.00000 1.29 132.1 +50.9   90
7633 26.41  1.23 23    4420  42.64290 +13.00000 1.25 138.1 +53.2   90
7633 26.43  1.25 23    4421  43.66920 +13.00000 1.25 137.2 +52.9   90
7633 26.46  1.28 23    4422  44.69550 +13.00000 1.26 136.3 +52.6   90
7633 26.48  1.30 23    4423  45.72190 +13.00000 1.26 135.4 +52.3   90
7633 26.51  1.33 23    4424  46.74820 +13.00000 1.27 134.5 +51.9   90
7633 26.53  1.35 24    3503  51.32980 +10.00000 1.36 131.7 +47.2   90
7633 26.56  1.38 24    3504  52.34520 +10.00000 1.37 130.9 +46.8   90
7633 26.58  1.40 24    3505  53.36070 +10.00000 1.38 130.2 +46.5   90
7633 26.61  1.43 24    3506  54.37610 +10.00000 1.39 129.4 +46.1   90
7633 26.63  1.45 24    3507  55.39150 +10.00000 1.40 128.7 +45.8   90
7633 26.66  1.48 24    3503  51.32980 +10.00000 1.34 134.0 +48.2   90
7633 26.68  1.50 24    3504  52.34520 +10.00000 1.35 133.2 +47.8   90
7633 26.71  1.53 24    3505  53.36070 +10.00000 1.36 132.4 +47.5   90
7633 26.73  1.55 24    3506  54.37610 +10.00000 1.36 131.7 +47.2   90
7633 26.76  1.58 24    3507  55.39150 +10.00000 1.37 130.9 +46.8   90
7633 26.78  1.60 25    4117  47.59000 +12.00000 1.26 139.9 +52.7   90
7633 26.81  1.63 25    4118  48.61230 +12.00000 1.26 139.0 +52.4   90
7633 26.83  1.65 25    4119  49.63460 +12.00000 1.27 138.1 +52.1   90
7633 26.86  1.68 25    4120  50.65700 +12.00000 1.27 137.2 +51.8   90
7633 26.88  1.70 25    4121  51.67930 +12.00000 1.28 136.3 +51.4   90
7633 26.91  1.73 25    4117  47.59000 +12.00000 1.24 142.6 +53.6   90
7633 26.93  1.75 25    4118  48.61230 +12.00000 1.25 141.7 +53.3   90
7633 26.96  1.78 25    4119  49.63460 +12.00000 1.25 140.7 +53.0   90
7633 26.98  1.80 25    4120  50.65700 +12.00000 1.26 139.8 +52.7   90
7633 27.01  1.83 25    4121  51.67930 +12.00000 1.26 138.9 +52.4   90
7633 27.03  1.85 26    3813  51.49610 +11.00000 1.27 140.5 +51.7   90
7633 27.06  1.88 26    3814  52.51480 +11.00000 1.28 139.6 +51.4   90
7633 27.08  1.90 26    3815  53.53360 +11.00000 1.28 138.7 +51.1   90
7633 27.11  1.93 26    3816  54.55230 +11.00000 1.29 137.8 +50.8   90
7633 27.13  1.95 26    3817  55.57100 +11.00000 1.30 136.9 +50.5   90
7633 27.16  1.98 26    3813  51.49610 +11.00000 1.26 143.1 +52.6   90
7633 27.18  2.00 26    3814  52.51480 +11.00000 1.26 142.2 +52.3   90
7633 27.21  2.03 26    3815  53.53360 +11.00000 1.27 141.3 +52.0   90
7633 27.23  2.05 26    3816  54.55230 +11.00000 1.27 140.4 +51.7   90
7633 27.26  2.08 26    3817  55.57100 +11.00000 1.28 139.5 +51.4   90
7633 27.28  2.10 27    3508  56.40690 +10.00000 1.30 139.6 +50.3   90
7633 27.31  2.13 27    3509  57.42240 +10.00000 1.31 138.7 +50.0   90
7633 27.33  2.15 27    3510  58.43780 +10.00000 1.31 137.9 +49.7   90
7633 27.36  2.18 27    3511  59.45320 +10.00000 1.32 137.1 +49.4   90
7633 27.38  2.20 27    3512  60.46870 +10.00000 1.32 136.2 +49.1   90
7633 27.41  2.23 27    3508  56.40690 +10.00000 1.28 142.2 +51.2   90
7633 27.43  2.25 27    3509  57.42240 +10.00000 1.29 141.3 +50.9   90
7633 27.46  2.28 27    3510  58.43780 +10.00000 1.29 140.4 +50.6   90
7633 27.48  2.30 27    3511  59.45320 +10.00000 1.30 139.5 +50.3   90
7633 27.51  2.33 27    3512  60.46870 +10.00000 1.31 138.7 +50.0   90
7633 27.53  2.35 28    4122  52.70170 +12.00000 1.22 149.1 +55.3   90
7633 27.56  2.38 28    4123  53.72400 +12.00000 1.22 148.1 +55.1   90
7633 27.58  2.40 28    4124  54.74630 +12.00000 1.22 147.1 +54.8   90
7633 27.61  2.43 28    4125  55.76870 +12.00000 1.23 146.1 +54.5   90
7633 27.63  2.45 28    4126  56.79100 +12.00000 1.23 145.1 +54.3   90
7633 27.66  2.48 28    4122  52.70170 +12.00000 1.21 152.1 +56.0   90
7633 27.68  2.50 28    4123  53.72400 +12.00000 1.21 151.1 +55.7   90
7633 27.71  2.53 28    4124  54.74630 +12.00000 1.21 150.0 +55.5   90
7633 27.73  2.55 28    4125  55.76870 +12.00000 1.22 149.0 +55.3   90
7633 27.76  2.58 28    4126  56.79100 +12.00000 1.22 148.0 +55.0   90
7633 27.78  2.60 29    3818  56.58970 +11.00000 1.23 149.6 +54.3   90
7633 27.81  2.63 29    3819  57.60840 +11.00000 1.23 148.6 +54.1   90
7633 27.83  2.65 29    3820  58.62710 +11.00000 1.24 147.6 +53.8   90
7633 27.86  2.68 29    3821  59.64590 +11.00000 1.24 146.6 +53.6   90
7633 27.88  2.70 29    3822  60.66460 +11.00000 1.25 145.6 +53.3   90
7633 27.91  2.73 29    3818  56.58970 +11.00000 1.22 152.5 +55.0   90
7633 27.93  2.75 29    3819  57.60840 +11.00000 1.22 151.5 +54.8   90
7633 27.96  2.78 29    3820  58.62710 +11.00000 1.23 150.5 +54.5   90
7633 27.98  2.80 29    3821  59.64590 +11.00000 1.23 149.5 +54.3   90
7633 28.01  2.83 29    3822  60.66460 +11.00000 1.24 148.5 +54.1   90
7633 28.03  2.85 30    4425  47.77450 +13.00000 1.16 170.5 +59.4   90
7633 28.06  2.88 30    4426  48.80080 +13.00000 1.16 169.2 +59.3   90
7633 28.08  2.90 30    4427  49.82710 +13.00000 1.16 168.0 +59.2   90
7633 28.11  2.93 30    4428  50.85340 +13.00000 1.16 166.8 +59.1   90
7633 28.13  2.95 30    4429  51.87970 +13.00000 1.17 165.6 +59.0   90
7633 28.16  2.98 30    4425  47.77450 +13.00000 1.16 174.1 +59.6   90
7633 28.18  3.00 30    4426  48.80080 +13.00000 1.16 172.8 +59.6   90
7633 28.21  3.03 30    4427  49.82710 +13.00000 1.16 171.6 +59.5   90
7633 28.23  3.05 30    4428  50.85340 +13.00000 1.16 170.3 +59.4   90
7633 28.26  3.08 30    4429  51.87970 +13.00000 1.16 169.1 +59.3   90
7633 28.28  3.10 31    4430  52.90600 +13.00000 1.16 167.9 +59.2   90
7633 28.31  3.13 31    4431  53.93230 +13.00000 1.17 166.6 +59.1   90
7633 28.33  3.15 31    4432  54.95860 +13.00000 1.17 165.4 +59.0   90
7633 28.36  3.18 31    4433  55.98490 +13.00000 1.17 164.2 +58.9   90
7633 28.38  3.20 31    4434  57.01120 +13.00000 1.17 163.0 +58.8   90
7633 28.41  3.23 31    4430  52.90600 +13.00000 1.16 171.4 +59.5   90
7633 28.43  3.25 31    4431  53.93230 +13.00000 1.16 170.2 +59.4   90
7633 28.46  3.28 31    4432  54.95860 +13.00000 1.16 168.9 +59.3   90
7633 28.48  3.30 31    4433  55.98490 +13.00000 1.16 167.7 +59.2   90
7633 28.51  3.33 31    4434  57.01120 +13.00000 1.17 166.5 +59.1   90
7633 28.53  3.35 32    4127  57.81340 +12.00000 1.18 166.0 +58.1   90
7633 28.56  3.38 32    4128  58.83570 +12.00000 1.18 164.9 +57.9   90
7633 28.58  3.40 32    4129  59.85800 +12.00000 1.18 163.7 +57.8   90
7633 28.61  3.43 32    4130  60.88040 +12.00000 1.18 162.5 +57.7   90
7633 28.63  3.45 32    4131  61.90270 +12.00000 1.19 161.4 +57.5   90
7633 28.66  3.48 32    4127  57.81340 +12.00000 1.17 169.5 +58.3   90
7633 28.68  3.50 32    4128  58.83570 +12.00000 1.18 168.3 +58.3   90
7633 28.71  3.53 32    4129  59.85800 +12.00000 1.18 167.1 +58.2   90
7633 28.73  3.55 32    4130  60.88040 +12.00000 1.18 165.9 +58.0   90
7633 28.76  3.58 32    4131  61.90270 +12.00000 1.18 164.8 +57.9   90
7633 28.78  3.60 33    3513  61.48410 +10.00000 1.20 166.8 +56.1   90
7633 28.81  3.63 33    3514  62.49950 +10.00000 1.21 165.7 +56.0   90
7633 28.83  3.65 33    3515  63.51490 +10.00000 1.21 164.6 +55.9   90
7633 28.86  3.68 33    3516  64.53040 +10.00000 1.21 163.5 +55.7   90
7633 28.88  3.70 33    3517  65.54580 +10.00000 1.21 162.4 +55.6   90
7633 28.91  3.73 33    3513  61.48410 +10.00000 1.20 170.1 +56.4   90
7633 28.93  3.75 33    3514  62.49950 +10.00000 1.20 169.0 +56.3   90
7633 28.96  3.78 33    3515  63.51490 +10.00000 1.20 167.9 +56.2   90
7633 28.98  3.80 33    3516  64.53040 +10.00000 1.20 166.7 +56.1   90
7633 29.01  3.83 33    3517  65.54580 +10.00000 1.21 165.6 +56.0   90
7633 29.03  3.85 34    3823  61.68330 +11.00000 1.19 172.9 +57.5   90
7633 29.06  3.88 34    3824  62.70200 +11.00000 1.19 171.7 +57.5   90
7633 29.08  3.90 34    3825  63.72070 +11.00000 1.19 170.6 +57.4   90
7633 29.11  3.93 34    3826  64.73940 +11.00000 1.19 169.4 +57.3   90
7633 29.13  3.95 34    3827  65.75820 +11.00000 1.19 168.3 +57.2   90
7633 29.16  3.98 34    3823  61.68330 +11.00000 1.18 176.3 +57.7   90
7633 29.18  4.00 34    3824  62.70200 +11.00000 1.18 175.2 +57.6   90
7633 29.21  4.03 34    3825  63.72070 +11.00000 1.18 174.0 +57.6   90
7633 29.23  4.05 34    3826  64.73940 +11.00000 1.19 172.8 +57.5   90
7633 29.26  4.08 34    3827  65.75820 +11.00000 1.19 171.6 +57.5   90
7633 29.28  4.10 35    4440  63.16900 +13.00000 1.16 176.9 +59.7   90
7633 29.31  4.13 35    4441  64.19530 +13.00000 1.16 175.7 +59.7   90
7633 29.33  4.15 35    4442  65.22160 +13.00000 1.16 174.4 +59.6   90
7633 29.36  4.18 35    4443  66.24790 +13.00000 1.16 173.2 +59.6   90
7633 29.38  4.20 35    4444  67.27420 +13.00000 1.16 171.9 +59.5   90
7633 29.41  4.23 35    4440  63.16900 +13.00000 1.16 180.5 +59.7   90
7633 29.43  4.25 35    4441  64.19530 +13.00000 1.16 179.3 +59.7   90
7633 29.46  4.28 35    4442  65.22160 +13.00000 1.16 178.0 +59.7   90
7633 29.48  4.30 35    4443  66.24790 +13.00000 1.16 176.8 +59.7   90
7633 29.51  4.33 35    4444  67.27420 +13.00000 1.16 175.5 +59.7   90
7633 29.53  4.35 36    4132  62.92510 +12.00000 1.17 184.5 +58.7   90
7633 29.56  4.38 36    4133  63.94740 +12.00000 1.17 183.3 +58.7   90
7633 29.58  4.40 36    4134  64.96970 +12.00000 1.17 182.1 +58.7   90
7633 29.61  4.43 36    4135  65.99210 +12.00000 1.17 180.8 +58.7   90
7633 29.63  4.45 36    4136  67.01440 +12.00000 1.17 179.6 +58.7   90
7633 29.66  4.48 36    4132  62.92510 +12.00000 1.17 188.0 +58.5   90
7633 29.68  4.50 36    4133  63.94740 +12.00000 1.17 186.8 +58.6   90
7633 29.71  4.53 36    4134  64.96970 +12.00000 1.17 185.6 +58.6   90
7633 29.73  4.55 36    4135  65.99210 +12.00000 1.17 184.4 +58.7   90
7633 29.76  4.58 36    4136  67.01440 +12.00000 1.17 183.2 +58.7   90
7633 29.78  4.60 37    4137  68.03680 +12.00000 1.17 181.9 +58.7   90
7633 29.81  4.63 37    4138  69.05910 +12.00000 1.17 180.7 +58.7   90
7633 29.83  4.65 37    4139  70.08140 +12.00000 1.17 179.5 +58.7   90
7633 29.86  4.68 37    4140  71.10380 +12.00000 1.17 178.3 +58.7   90
7633 29.88  4.70 37    4141  72.12610 +12.00000 1.17 177.1 +58.7   90
7633 29.91  4.73 37    4137  68.03680 +12.00000 1.17 185.5 +58.6   90
7633 29.93  4.75 37    4138  69.05910 +12.00000 1.17 184.3 +58.7   90
7633 29.96  4.78 37    4139  70.08140 +12.00000 1.17 183.0 +58.7   90
7633 29.98  4.80 37    4140  71.10380 +12.00000 1.17 181.8 +58.7   90
7633 30.01  4.83 37    4141  72.12610 +12.00000 1.17 180.6 +58.7   90
7633 30.03  4.85 38    4445  68.30050 +13.00000 1.16 188.7 +59.5   90
7633 30.06  4.88 38    4446  69.32680 +13.00000 1.16 187.4 +59.5   90
7633 30.08  4.90 38    4447  70.35310 +13.00000 1.16 186.2 +59.6   90
7633 30.11  4.93 38    4448  71.37950 +13.00000 1.16 184.9 +59.6   90
7633 30.13  4.95 38    4449  72.40580 +13.00000 1.16 183.7 +59.7   90
7633 30.16  4.98 38    4445  68.30050 +13.00000 1.16 192.2 +59.2   90
7633 30.18  5.00 38    4446  69.32680 +13.00000 1.16 191.0 +59.3   90
7633 30.21  5.03 38    4447  70.35310 +13.00000 1.16 189.8 +59.4   90
7633 30.23  5.05 38    4448  71.37950 +13.00000 1.16 188.5 +59.5   90
7633 30.26  5.08 38    4449  72.40580 +13.00000 1.16 187.3 +59.5   90
