#No  Block  (       RA       Dec) Airm HA       Az   Alt   Key Other
001 2290083 (  8.30452 +22.90000) 1.01 -0.24 159.7 +80.4  46.0 *
002 2453592 (359.19113 +24.50000) 1.01  0.28 207.1 +81.7  50.0 *
003 2290144 ( 13.51520 +22.90000) 1.02 -0.62 135.5 +77.8  54.0 *
004 2210152 ( 15.16413 +22.10000) 1.03 -0.70 134.1 +76.5  54.0 *
005 2453557 (355.67450 +24.50000) 1.02  0.60 229.1 +79.1  55.0 *
006 2450023 (  2.31783 +24.50000) 1.01  0.16 196.3 +82.3  60.0 *
007 2450084 (  8.40695 +24.50000) 1.01 -0.25 155.5 +81.9  61.0 *
008 2453495 (349.52039 +24.50000) 1.04  1.01 244.6 +74.7  62.0 *
009 2373369 (336.85990 +23.70000) 1.11  1.86 258.4 +64.1  65.0 *
010 2530032 (  3.15237 +25.30000) 1.01  0.10 191.9 +83.2  67.0 *
011 2453372 (337.21217 +24.50000) 1.11  1.83 259.8 +64.7  68.0 *
012 2290205 ( 22.63388 +22.90000) 1.06 -1.27 113.5 +70.8  72.0 *
013 2450146 ( 14.56106 +24.50000) 1.02 -0.66 128.2 +78.6  74.0 *
014 2370206 ( 22.33355 +23.70000) 1.05 -1.24 112.1 +71.7  75.0 *
015 2373246 (324.62833 +23.70000) 1.24  2.67 267.1 +53.8  75.0 *
016 2453249 (324.90396 +24.50000) 1.23  2.65 268.2 +54.4  76.0 *
017 2453434 (343.36629 +24.50000) 1.07  1.42 253.7 +69.8  77.0 *
018 2533571 (357.10237 +25.30000) 1.01  0.51 226.9 +80.6  78.0 *
019 2290265 ( 26.54189 +22.90000) 1.07 -1.46 109.7 +68.7  82.0 *
020 2453311 (331.05806 +24.50000) 1.16  2.24 264.4 +59.6  83.0 *
021 2533447 (344.71412 +25.30000) 1.06  1.33 254.3 +71.3  84.0 *
022 2610023 (  2.39574 +26.10000) 1.01  0.15 199.6 +83.8  84.0 *
023 2533385 (338.51999 +25.30000) 1.09  1.75 260.5 +66.1  85.0 *
024 2370267 ( 26.70198 +23.70000) 1.07 -1.47 107.5 +68.9  87.0 *
025 2453126 (312.59574 +24.50000) 1.44  3.47 274.5 +43.9  87.0 *
026 2453187 (318.74985 +24.50000) 1.32  3.06 271.5 +49.1  88.0 *
027 2533509 (350.90824 +25.30000) 1.03  0.92 244.6 +76.2  89.0 *
028 2530093 (  9.34649 +25.30000) 1.01 -0.31 147.4 +82.2  89.0 *
029 2210333 ( 32.86461 +22.10000) 1.12 -1.89 104.3 +63.0  90.0 *
030 2450207 ( 20.71517 +24.50000) 1.04 -1.07 113.9 +74.1  91.0 *
031 2533323 (332.32587 +25.30000) 1.14  2.16 265.1 +60.9  93.0 *
032 2613515 (351.49255 +26.10000) 1.03  0.88 246.4 +77.1  96.0 *
033 2290326 ( 33.48946 +22.90000) 1.13 -1.95 102.0 +62.6  96.0 *
034 2613573 (357.28301 +26.10000) 1.01  0.48 228.8 +81.4  98.0 *
035 2530155 ( 15.54062 +25.30000) 1.02 -0.72 122.3 +78.4  99.0 *
036 2370328 ( 32.81777 +23.70000) 1.11 -1.87 101.3 +63.9 100.0 *
037 2613453 (345.25666 +26.10000) 1.05  1.30 255.9 +72.0 101.0 *
038 2610085 (  8.51867 +26.10000) 1.01 -0.25 149.4 +83.3 102.0 *
039 2610148 ( 14.75456 +26.10000) 1.02 -0.67 121.2 +79.4 103.0 *
040 2533261 (326.13174 +25.30000) 1.21  2.57 268.8 +55.7 106.0 *
041 2450269 ( 26.86928 +24.50000) 1.07 -1.48 105.3 +69.1 109.0 *
042 2530217 ( 21.73474 +25.30000) 1.04 -1.14 109.7 +73.7 112.0 *
043 2290387 ( 38.70014 +22.90000) 1.17 -2.27  98.2 +58.6 112.0 *
044 2610210 ( 20.99045 +26.10000) 1.04 -1.09 108.2 +74.6 113.0 *
045 2533137 (313.74349 +25.30000) 1.41  3.40 275.0 +45.2 113.0 *
046 2370389 ( 38.93356 +23.70000) 1.17 -2.28  96.6 +58.8 114.0 *
047 2613390 (339.02077 +26.10000) 1.09  1.71 261.9 +66.9 116.0 *
048 2533199 (319.93762 +25.30000) 1.30  2.98 272.1 +50.4 117.0 *
049 2530279 ( 27.92887 +25.30000) 1.07 -1.55 102.2 +68.6 117.0 *
050 2290448 ( 43.47659 +22.90000) 1.24 -2.63  94.5 +54.0 118.0 *
051 2613265 (326.54899 +26.10000) 1.20  2.54 269.9 +56.3 120.0 *
052 2613328 (332.78488 +26.10000) 1.14  2.13 266.4 +61.6 121.0 *
053 2613141 (314.07721 +26.10000) 1.40  3.38 275.9 +45.7 123.0 *
054 2450330 ( 33.02338 +24.50000) 1.12 -1.96  98.6 +63.1 124.0 *
055 2210454 ( 47.97477 +22.10000) 1.32 -2.98  92.6 +49.3 128.0 *
056 2370450 ( 45.04935 +23.70000) 1.24 -2.69  92.7 +53.6 130.0 *
057 2450392 ( 39.17749 +24.50000) 1.17 -2.30  95.0 +58.9 131.0 *
058 2530341 ( 34.12299 +25.30000) 1.12 -1.96  97.0 +63.4 132.0 *
059 2613203 (320.31311 +26.10000) 1.29  2.96 273.1 +51.0 134.0 *
060 2450453 ( 45.33160 +24.50000) 1.24 -2.71  91.3 +53.7 140.0 *
061 2610272 ( 27.22634 +26.10000) 1.07 -1.50 100.8 +69.5 146.0 *
062 2450515 ( 51.48571 +24.50000) 1.34 -3.12  88.1 +48.4 155.0 *
063 2530403 ( 40.31712 +25.30000) 1.18 -2.37  92.9 +58.2 157.0 *
064 2610335 ( 33.46222 +26.10000) 1.11 -1.92  95.7 +64.3 157.0 *
065 2530465 ( 46.51124 +25.30000) 1.25 -2.79  89.4 +52.9 166.0 *
066 2610397 ( 39.69811 +26.10000) 1.17 -2.33  91.8 +59.0 168.0 *
067 2450576 ( 57.20024 +24.50000) 1.46 -3.52  85.3 +43.4 171.0 *
068 2530527 ( 52.70537 +25.30000) 1.35 -3.20  86.4 +47.7 173.0 *
069 2610459 ( 45.93400 +26.10000) 1.24 -2.75  88.5 +53.7 176.0 *
070 2530589 ( 58.89949 +25.30000) 1.48 -3.61  83.6 +42.4 185.0 *
071 2610522 ( 52.16989 +26.10000) 1.34 -3.16  85.5 +48.4 195.0 *
072 2610584 ( 58.40578 +26.10000) 1.46 -3.58  82.8 +43.1 203.0 *
073 2610646 ( 64.64167 +26.10000) 1.63 -4.00  80.1 +37.9 206.0 *
