#No  Block  (       RA       Dec) Airm HA       Az   Alt   Key Other
001 2213579 (358.81247 +22.10000) 1.04 -0.95 124.3 +73.9  29.0 *
002 2373491 (349.09149 +23.70000) 1.01 -0.24 157.8 +81.1  29.0 *
003 2373369 (336.85990 +23.70000) 1.02  0.57 224.7 +78.8  30.0 *
004 2130022 (  0.25885 +21.30000) 1.05 -1.08 122.5 +72.1  31.0 *
005 2373430 (342.97569 +23.70000) 1.01  0.17 195.5 +81.5  33.0 *
006 2373591 (359.13886 +23.70000) 1.04 -0.99 118.5 +74.5  38.0 *
007 2373246 (324.62833 +23.70000) 1.07  1.39 251.0 +69.9  41.0 *
008 2453372 (337.21217 +24.50000) 1.02  0.55 226.3 +79.6  41.0 *
009 2453434 (343.36629 +24.50000) 1.01  0.14 194.4 +82.3  42.0 *
010 2373552 (355.20728 +23.70000) 1.02 -0.65 131.4 +78.1  43.0 *
011 2210031 (  5.66631 +22.10000) 1.08 -1.44 111.9 +68.4  43.0 *
012 2290022 (  2.65962 +22.90000) 1.05 -1.16 116.1 +72.1  45.0 *
013 2370022 (  0.44937 +23.70000) 1.04 -1.09 115.7 +73.4  45.0 *
014 2210091 (  9.12006 +22.10000) 1.09 -1.58 109.3 +66.8  47.0 *
015 2453557 (355.67450 +24.50000) 1.02 -0.68 127.1 +78.3  48.0 *
016 2453311 (331.05806 +24.50000) 1.03  0.96 243.1 +75.3  50.0 *
017 2453187 (318.74985 +24.50000) 1.10  1.78 259.1 +65.4  50.0 *
018 2453495 (349.52039 +24.50000) 1.01 -0.27 153.3 +81.7  50.0 *
019 2210152 ( 15.16413 +22.10000) 1.13 -1.98 103.1 +61.9  52.0 *
020 2290083 (  8.30452 +22.90000) 1.08 -1.52 108.4 +67.8  54.0 *
021 2290144 ( 13.51520 +22.90000) 1.12 -1.90 102.6 +63.2  55.0 *
022 2453249 (324.90396 +24.50000) 1.06  1.37 252.8 +70.5  56.0 *
023 2453592 (359.19113 +24.50000) 1.04 -1.01 115.5 +74.8  60.0 *
024 2290205 ( 22.63388 +22.90000) 1.22 -2.56  95.2 +55.0  66.0 *
025 2453126 (312.59574 +24.50000) 1.15  2.19 263.9 +60.2  67.0 *
026 2450023 (  2.31783 +24.50000) 1.04 -1.12 112.5 +73.4  70.0 *
027 2210333 ( 32.86461 +22.10000) 1.37 -3.18  90.9 +46.8  71.0 *
028 2290265 ( 26.54189 +22.90000) 1.26 -2.74  93.5 +52.7  72.0 *
029 2370206 ( 22.33355 +23.70000) 1.21 -2.52  94.3 +55.8  72.0 *
030 2450084 (  8.40695 +24.50000) 1.07 -1.53 104.5 +68.5  73.0 *
031 2290326 ( 33.48946 +22.90000) 1.38 -3.23  89.4 +46.4  80.0 *
032 2370267 ( 26.70198 +23.70000) 1.25 -2.75  92.2 +52.8  80.0 *
033 2290448 ( 43.47659 +22.90000) 1.63 -3.91  84.4 +37.7  86.0 *
034 2450207 ( 20.71517 +24.50000) 1.18 -2.35  94.5 +58.2  86.0 *
035 2290387 ( 38.70014 +22.90000) 1.48 -3.55  87.0 +42.3  87.0 *
036 2450269 ( 26.86928 +24.50000) 1.25 -2.76  90.9 +53.0  88.0 *
037 2370328 ( 32.81777 +23.70000) 1.35 -3.16  88.9 +47.6  89.0 *
038 2450146 ( 14.56106 +24.50000) 1.12 -1.94  98.9 +63.4  90.0 *
039 2370389 ( 38.93356 +23.70000) 1.48 -3.57  85.9 +42.5  95.0 *
040 2450330 ( 33.02338 +24.50000) 1.37 -3.25  87.1 +46.8  99.0 *
041 2370450 ( 45.04935 +23.70000) 1.65 -3.97  83.1 +37.3 104.0 *
042 2450453 ( 45.33160 +24.50000) 1.65 -3.99  82.0 +37.4 111.0 *
043 2450392 ( 39.17749 +24.50000) 1.48 -3.58  84.8 +42.6 111.0 *
