#No  Block  (       RA       Dec) Airm HA       Az   Alt   Key Other
001 2213225 (322.54807 +22.10000) 1.05 -1.07 120.7 +72.7  15.0 *
002 2293175 (317.47139 +22.90000) 1.03 -0.73 130.3 +76.7  19.0 *
003 2373124 (312.39675 +23.70000) 1.01 -0.39 146.3 +80.2  20.0 *
004 2293236 (323.55052 +22.90000) 1.05 -1.14 116.7 +72.4  23.0 *
005 2213286 (326.43355 +22.10000) 1.07 -1.41 112.5 +68.8  26.0 *
006 2373185 (318.51254 +23.70000) 1.03 -0.80 124.9 +76.6  27.0 *
007 2293296 (329.62964 +22.90000) 1.08 -1.54 108.1 +67.6  32.0 *
008 2453187 (318.74985 +24.50000) 1.03 -0.82 121.6 +76.9  33.0 *
009 2453126 (312.59574 +24.50000) 1.01 -0.41 142.7 +80.8  34.0 *
010 2213346 (335.49963 +22.10000) 1.13 -1.96 103.3 +62.1  35.0 *
011 2293357 (335.70876 +22.90000) 1.13 -1.95 102.0 +62.6  36.0 *
012 2373246 (324.62833 +23.70000) 1.05 -1.21 112.8 +72.0  36.0 *
013 2133405 (343.08578 +21.30000) 1.23 -2.53  98.0 +54.6  40.0 *
014 2213407 (338.52167 +22.10000) 1.17 -2.21 100.2 +59.0  40.0 *
015 2373307 (330.74411 +23.70000) 1.09 -1.62 105.0 +67.1  41.0 *
016 2453249 (324.90396 +24.50000) 1.05 -1.23 110.1 +72.2  43.0 *
017 2133465 (346.52041 +21.30000) 1.25 -2.67  96.6 +52.9  46.0 *
018 2133525 (352.53098 +21.30000) 1.35 -3.07  92.9 +47.8  51.0 *
019 2453311 (331.05806 +24.50000) 1.08 -1.64 102.8 +67.2  54.0 *
020 2373369 (336.85990 +23.70000) 1.13 -2.02  99.5 +62.0  55.0 *
021 2133577 (357.68290 +21.30000) 1.46 -3.44  89.8 +43.1  56.0 *
022 2453372 (337.21217 +24.50000) 1.13 -2.05  97.6 +62.0  56.0 *
023 2373430 (342.97569 +23.70000) 1.19 -2.43  95.1 +56.9  58.0 *
024 2373491 (349.09149 +23.70000) 1.27 -2.84  91.5 +51.7  61.0 *
025 2130022 (  0.25885 +21.30000) 1.55 -3.68  88.0 +40.1  65.0 *
026 2213579 (358.81247 +22.10000) 1.49 -3.55  88.0 +42.0  67.0 *
027 2453434 (343.36629 +24.50000) 1.19 -2.46  93.5 +56.8  70.0 *
028 2373552 (355.20728 +23.70000) 1.38 -3.25  88.2 +46.5  73.0 *
029 2373591 (359.13886 +23.70000) 1.49 -3.59  85.8 +42.2  74.0 *
030 2370022 (  0.44937 +23.70000) 1.53 -3.69  85.0 +40.9  78.0 *
031 2453557 (355.67450 +24.50000) 1.38 -3.28  86.9 +46.4  78.0 *
032 2453495 (349.52039 +24.50000) 1.28 -2.87  90.0 +51.6  80.0 *
033 2290022 (  2.65962 +22.90000) 1.57 -3.76  85.5 +39.7  81.0 *
034 2453592 (359.19113 +24.50000) 1.49 -3.60  84.6 +42.3  87.0 *
035 2450023 (  2.31783 +24.50000) 1.53 -3.72  83.8 +40.8  95.0 *
