#No  Block  (       RA       Dec) Airm HA       Az   Alt   Key Other
001 2133577 (357.68290 +21.30000) 1.06 -1.21 118.9 +70.6  27.0 *
002 2373307 (330.74411 +23.70000) 1.02  0.61 226.8 +78.4  29.0 *
003 2373246 (324.62833 +23.70000) 1.04  1.02 242.4 +74.2  32.0 *
004 2373430 (342.97569 +23.70000) 1.01 -0.20 161.3 +81.3  32.0 *
005 2453372 (337.21217 +24.50000) 1.01  0.18 198.6 +82.2  33.0 *
006 2373369 (336.85990 +23.70000) 1.01  0.21 199.1 +81.3  33.0 *
007 2130022 (  0.25885 +21.30000) 1.08 -1.45 113.6 +67.9  37.0 *
008 2213579 (358.81247 +22.10000) 1.07 -1.32 114.4 +69.9  37.0 *
009 2373552 (355.20728 +23.70000) 1.04 -1.02 117.7 +74.2  39.0 *
010 2373491 (349.09149 +23.70000) 1.02 -0.61 133.4 +78.5  41.0 *
011 2453249 (324.90396 +24.50000) 1.04  1.00 244.4 +74.8  43.0 *
012 2453311 (331.05806 +24.50000) 1.02  0.59 228.6 +79.2  44.0 *
013 2373591 (359.13886 +23.70000) 1.06 -1.36 109.6 +70.3  44.0 *
014 2453187 (318.74985 +24.50000) 1.06  1.41 253.5 +69.9  44.0 *
015 2453434 (343.36629 +24.50000) 1.01 -0.23 157.2 +82.0  47.0 *
016 2453557 (355.67450 +24.50000) 1.04 -1.05 114.4 +74.3  49.0 *
017 2210031 (  5.66631 +22.10000) 1.11 -1.81 105.6 +64.0  49.0 *
018 2453126 (312.59574 +24.50000) 1.10  1.82 259.7 +64.8  50.0 *
019 2370022 (  0.44937 +23.70000) 1.07 -1.46 107.7 +69.0  52.0 *
020 2290022 (  2.65962 +22.90000) 1.08 -1.53 108.3 +67.8  53.0 *
021 2210091 (  9.12006 +22.10000) 1.13 -1.94 103.6 +62.3  53.0 *
022 2453495 (349.52039 +24.50000) 1.02 -0.64 129.1 +78.8  57.0 *
023 2290083 (  8.30452 +22.90000) 1.12 -1.89 102.7 +63.4  60.0 *
024 2210152 ( 15.16413 +22.10000) 1.19 -2.35  98.7 +57.3  60.0 *
025 2453592 (359.19113 +24.50000) 1.06 -1.37 107.2 +70.4  61.0 *
026 2290144 ( 13.51520 +22.90000) 1.17 -2.27  98.2 +58.6  62.0 *
027 2290205 ( 22.63388 +22.90000) 1.30 -2.92  91.9 +50.3  69.0 *
028 2450023 (  2.31783 +24.50000) 1.07 -1.49 105.1 +69.0  72.0 *
029 2210333 ( 32.86461 +22.10000) 1.49 -3.54  88.1 +42.1  75.0 *
030 2370206 ( 22.33355 +23.70000) 1.29 -2.89  91.1 +51.1  75.0 *
031 2290265 ( 26.54189 +22.90000) 1.35 -3.11  90.4 +48.0  77.0 *
032 2450146 ( 14.56106 +24.50000) 1.17 -2.31  94.9 +58.8  83.0 *
033 2290326 ( 33.48946 +22.90000) 1.50 -3.60  86.7 +41.7  83.0 *
034 2450084 (  8.40695 +24.50000) 1.11 -1.90  99.4 +63.9  87.0 *
035 2370267 ( 26.70198 +23.70000) 1.34 -3.12  89.2 +48.2  89.0 *
036 2290387 ( 38.70014 +22.90000) 1.64 -3.92  84.4 +37.7  90.0 *
037 2370328 ( 32.81777 +23.70000) 1.47 -3.52  86.2 +43.0  91.0 *
038 2450207 ( 20.71517 +24.50000) 1.24 -2.72  91.3 +53.5  96.0 *
039 2450269 ( 26.86928 +24.50000) 1.34 -3.13  88.0 +48.3  99.0 *
040 2370389 ( 38.93356 +23.70000) 1.63 -3.93  83.4 +37.8 100.0 *
041 2450330 ( 33.02338 +24.50000) 1.49 -3.61  84.6 +42.1 113.0 *
042 2450392 ( 39.17749 +24.50000) 1.63 -3.95  82.3 +37.9 116.0 *
