#No  Block  (       RA       Dec) Airm HA       Az   Alt   Key Other
001 2373430 (342.97569 +23.70000) 1.02  0.50 220.7 +79.4  49.0 *
002 2373552 (355.20728 +23.70000) 1.01 -0.31 152.1 +80.8  53.0 *
003 2373369 (336.85990 +23.70000) 1.03  0.91 238.9 +75.4  54.0 *
004 2373591 (359.13886 +23.70000) 1.02 -0.65 131.3 +78.0  57.0 *
005 2453495 (349.52039 +24.50000) 1.01  0.06 186.8 +82.5  58.0 *
006 2370022 (  0.44937 +23.70000) 1.03 -0.76 126.7 +77.0  62.0 *
007 2453557 (355.67450 +24.50000) 1.01 -0.35 147.3 +81.3  62.0 *
008 2453372 (337.21217 +24.50000) 1.03  0.89 240.8 +76.1  63.0 *
009 2453311 (331.05806 +24.50000) 1.06  1.30 251.3 +71.4  63.0 *
010 2290022 (  2.65962 +22.90000) 1.03 -0.83 126.5 +75.8  64.0 *
011 2210031 (  5.66631 +22.10000) 1.05 -1.10 119.8 +72.3  64.0 *
012 2533447 (344.71412 +25.30000) 1.01  0.39 218.7 +81.6  65.0 *
013 2453592 (359.19113 +24.50000) 1.02 -0.67 127.6 +78.4  65.0 *
014 2453434 (343.36629 +24.50000) 1.01  0.48 221.8 +80.3  67.0 *
015 2373246 (324.62833 +23.70000) 1.10  1.72 256.6 +65.8  68.0 *
016 2210091 (  9.12006 +22.10000) 1.06 -1.24 116.2 +70.7  71.0 *
017 2290083 (  8.30452 +22.90000) 1.05 -1.19 115.4 +71.8  76.0 *
018 2533509 (350.90824 +25.30000) 1.01 -0.03 176.8 +83.3  77.0 *
019 2533571 (357.10237 +25.30000) 1.01 -0.44 137.3 +81.2  77.0 *
020 2533385 (338.51999 +25.30000) 1.02  0.80 240.6 +77.6  80.0 *
021 2453249 (324.90396 +24.50000) 1.09  1.71 258.1 +66.3  80.0 *
022 2533323 (332.32587 +25.30000) 1.05  1.21 251.9 +72.7  80.0 *
023 2453187 (318.74985 +24.50000) 1.14  2.12 263.1 +61.2  81.0 *
024 2210152 ( 15.16413 +22.10000) 1.09 -1.64 108.1 +66.0  82.0 *
025 2290144 ( 13.51520 +22.90000) 1.08 -1.57 107.7 +67.3  82.0 *
026 2453126 (312.59574 +24.50000) 1.21  2.53 267.1 +56.0  83.0 *
027 2613453 (345.25666 +26.10000) 1.01  0.35 219.3 +82.6  83.0 *
028 2450023 (  2.31783 +24.50000) 1.03 -0.79 122.7 +77.2  85.0 *
029 2613390 (339.02077 +26.10000) 1.02  0.76 242.6 +78.4  87.0 *
030 2613573 (357.28301 +26.10000) 1.01 -0.47 131.9 +81.5  89.0 *
031 2450084 (  8.40695 +24.50000) 1.05 -1.19 110.8 +72.6  91.0 *
032 2533261 (326.13174 +25.30000) 1.08  1.62 258.9 +67.7  92.0 *
033 2613515 (351.49255 +26.10000) 1.01 -0.07 171.3 +84.1  93.0 *
034 2530032 (  3.15237 +25.30000) 1.03 -0.84 117.8 +77.1 100.0 *
035 2533199 (319.93762 +25.30000) 1.13  2.04 263.9 +62.5 102.0 *
036 2533137 (313.74349 +25.30000) 1.19  2.45 267.8 +57.2 104.0 *
037 2290205 ( 22.63388 +22.90000) 1.16 -2.22  98.7 +59.2 104.0 *
038 2613265 (326.54899 +26.10000) 1.08  1.60 260.5 +68.3 104.0 *
039 2613328 (332.78488 +26.10000) 1.04  1.18 253.8 +73.5 105.0 *
040 2370206 ( 22.33355 +23.70000) 1.15 -2.18  97.7 +60.0 108.0 *
041 2613141 (314.07721 +26.10000) 1.18  2.43 269.0 +57.8 108.0 *
042 2613203 (320.31311 +26.10000) 1.12  2.01 265.2 +63.1 113.0 *
043 2290265 ( 26.54189 +22.90000) 1.19 -2.40  96.7 +56.9 113.0 *
044 2450146 ( 14.56106 +24.50000) 1.08 -1.60 103.3 +67.6 113.0 *
045 2610023 (  2.39574 +26.10000) 1.02 -0.79 116.4 +78.1 114.0 *
046 2450207 ( 20.71517 +24.50000) 1.13 -2.01  98.0 +62.5 115.0 *
047 2210333 ( 32.86461 +22.10000) 1.29 -2.84  93.8 +51.1 118.0 *
048 2370267 ( 26.70198 +23.70000) 1.19 -2.41  95.3 +57.1 120.0 *
049 2530093 (  9.34649 +25.30000) 1.05 -1.26 107.2 +72.2 120.0 *
050 2610085 (  8.51867 +26.10000) 1.04 -1.20 105.8 +73.2 123.0 *
051 2530155 ( 15.54062 +25.30000) 1.09 -1.67 100.5 +67.1 128.0 *
052 2290326 ( 33.48946 +22.90000) 1.29 -2.90  92.2 +50.7 128.0 *
053 2370328 ( 32.81777 +23.70000) 1.27 -2.82  91.6 +51.9 131.0 *
054 2610148 ( 14.75456 +26.10000) 1.08 -1.62  99.3 +68.0 135.0 *
055 2290387 ( 38.70014 +22.90000) 1.38 -3.21  89.6 +46.6 137.0 *
056 2290448 ( 43.47659 +22.90000) 1.49 -3.58  86.8 +42.0 139.0 *
057 2450269 ( 26.86928 +24.50000) 1.19 -2.42  93.8 +57.3 142.0 *
058 2370389 ( 38.93356 +23.70000) 1.37 -3.23  88.4 +46.7 146.0 *
059 2530217 ( 21.73474 +25.30000) 1.13 -2.08  95.7 +61.9 147.0 *
060 2210454 ( 47.97477 +22.10000) 1.65 -3.92  85.3 +37.3 148.0 *
061 2450392 ( 39.17749 +24.50000) 1.37 -3.25  87.2 +46.8 154.0 *
062 2370450 ( 45.04935 +23.70000) 1.51 -3.64  85.4 +41.6 155.0 *
063 2450330 ( 33.02338 +24.50000) 1.29 -2.91  89.7 +51.1 155.0 *
064 2610210 ( 20.99045 +26.10000) 1.12 -2.03  94.6 +62.8 155.0 *
065 2530279 ( 27.92887 +25.30000) 1.20 -2.50  91.8 +56.6 157.0 *
066 2530341 ( 34.12299 +25.30000) 1.28 -2.91  88.5 +51.4 161.0 *
067 2610272 ( 27.22634 +26.10000) 1.19 -2.45  90.8 +57.5 168.0 *
068 2450453 ( 45.33160 +24.50000) 1.51 -3.66  84.3 +41.6 170.0 *
069 2530403 ( 40.31712 +25.30000) 1.39 -3.32  85.5 +46.1 173.0 *
070 2610335 ( 33.46222 +26.10000) 1.27 -2.86  87.6 +52.2 180.0 *
071 2530465 ( 46.51124 +25.30000) 1.53 -3.73  82.8 +40.9 188.0 *
072 2610397 ( 39.69811 +26.10000) 1.37 -3.28  84.7 +46.9 199.0 *
073 2610459 ( 45.93400 +26.10000) 1.50 -3.70  82.0 +41.7 201.0 *
