#No  Block  (       RA       Dec) Airm HA       Az   Alt   Key Other
001 2210333 ( 32.86461 +22.10000) 1.02 -0.30 156.5 +79.3  41.0 *
002 2370328 ( 32.81777 +23.70000) 1.01 -0.29 154.3 +80.9  43.0 *
003 2290326 ( 33.48946 +22.90000) 1.02 -0.36 150.8 +79.8  45.0 *
004 2290387 ( 38.70014 +22.90000) 1.03 -0.68 132.7 +77.2  55.0 *
005 2450207 ( 20.71517 +24.50000) 1.02  0.52 224.7 +79.9  55.0 *
006 2370389 ( 38.93356 +23.70000) 1.02 -0.69 129.4 +77.7  56.0 *
007 2450146 ( 14.56106 +24.50000) 1.03  0.93 242.3 +75.6  57.0 *
008 2453592 (359.19113 +24.50000) 1.11  1.86 260.2 +64.3  59.0 *
009 2453557 (355.67450 +24.50000) 1.15  2.19 263.9 +60.2  61.0 *
010 2530217 ( 21.73474 +25.30000) 1.01  0.45 223.6 +81.1  63.0 *
011 2530279 ( 27.92887 +25.30000) 1.01  0.04 184.7 +83.3  63.0 *
012 2290448 ( 43.47659 +22.90000) 1.04 -1.04 119.3 +73.5  63.0 *
013 2373369 (336.85990 +23.70000) 1.44  3.45 273.2 +44.0  64.0 *
014 2450330 ( 33.02338 +24.50000) 1.01 -0.38 145.0 +81.0  64.0 *
015 2453495 (349.52039 +24.50000) 1.22  2.60 267.8 +55.0  66.0 *
016 2450023 (  2.31783 +24.50000) 1.10  1.75 258.7 +65.8  67.0 *
017 2530155 ( 15.54062 +25.30000) 1.03  0.87 243.0 +76.8  69.0 *
018 2450392 ( 39.17749 +24.50000) 1.02 -0.71 125.9 +78.0  70.0 *
019 2370450 ( 45.04935 +23.70000) 1.04 -1.10 115.4 +73.3  71.0 *
020 2453372 (337.21217 +24.50000) 1.42  3.42 274.1 +44.6  71.0 *
021 2530341 ( 34.12299 +25.30000) 1.01 -0.37 142.3 +81.7  71.0 *
022 2210454 ( 47.97477 +22.10000) 1.07 -1.39 112.9 +69.1  73.0 *
023 2610335 ( 33.46222 +26.10000) 1.01 -0.33 142.5 +82.7  75.0 *
024 2453311 (331.05806 +24.50000) 1.58  3.83 276.9 +39.4  75.0 *
025 2530093 (  9.34649 +25.30000) 1.05  1.28 253.3 +71.9  75.0 *
026 2450453 ( 45.33160 +24.50000) 1.04 -1.12 112.6 +73.5  75.0 *
027 2610210 ( 20.99045 +26.10000) 1.01  0.50 230.3 +81.2  76.0 *
028 2453434 (343.36629 +24.50000) 1.31  3.01 271.1 +49.8  76.0 *
029 2533509 (350.90824 +25.30000) 1.20  2.51 268.3 +56.5  80.0 *
030 2610272 ( 27.22634 +26.10000) 1.01  0.09 191.4 +84.0  81.0 *
031 2533385 (338.51999 +25.30000) 1.39  3.33 274.5 +46.0  81.0 *
032 2610148 ( 14.75456 +26.10000) 1.03  0.92 247.6 +76.6  83.0 *
033 2530032 (  3.15237 +25.30000) 1.09  1.69 259.8 +66.8  84.0 *
034 2533323 (332.32587 +25.30000) 1.53  3.75 277.3 +40.8  84.0 *
035 2530403 ( 40.31712 +25.30000) 1.02 -0.79 119.8 +77.7  85.0 *
036 2533571 (357.10237 +25.30000) 1.14  2.10 264.5 +61.7  88.0 *
037 2450515 ( 51.48571 +24.50000) 1.07 -1.53 104.5 +68.5  88.0 *
038 2610085 (  8.51867 +26.10000) 1.05  1.33 256.6 +71.6  89.0 *
039 2533447 (344.71412 +25.30000) 1.28  2.92 271.6 +51.2  92.0 *
040 2613515 (351.49255 +26.10000) 1.19  2.47 269.4 +57.2  93.0 *
041 2613453 (345.25666 +26.10000) 1.27  2.89 272.5 +52.0 100.0 *
042 2450576 ( 57.20024 +24.50000) 1.12 -1.93  99.0 +63.6 100.0 *
043 2613573 (357.28301 +26.10000) 1.13  2.07 265.8 +62.3 101.0 *
044 2613390 (339.02077 +26.10000) 1.37  3.30 275.4 +46.7 103.0 *
045 2610023 (  2.39574 +26.10000) 1.09  1.74 262.3 +66.5 105.0 *
046 2610397 ( 39.69811 +26.10000) 1.02 -0.74 118.2 +78.6 105.0 *
047 2613328 (332.78488 +26.10000) 1.51  3.72 278.1 +41.4 107.0 *
048 2530465 ( 46.51124 +25.30000) 1.05 -1.20 108.4 +72.9 107.0 *
049 2530589 ( 58.89949 +25.30000) 1.13 -2.02  96.3 +62.6 114.0 *
050 2530527 ( 52.70537 +25.30000) 1.08 -1.61 101.3 +67.8 116.0 *
051 2610459 ( 45.93400 +26.10000) 1.04 -1.16 106.7 +73.7 117.0 *
052 2450699 ( 72.58551 +24.50000) 1.31 -3.03  88.8 +49.6 119.0 *
053 2530651 ( 65.53606 +25.30000) 1.21 -2.54  91.4 +56.0 121.0 *
054 2610522 ( 52.16989 +26.10000) 1.07 -1.58  99.8 +68.6 125.0 *
055 2610584 ( 58.40578 +26.10000) 1.12 -1.99  95.0 +63.3 128.0 *
056 2610646 ( 64.64167 +26.10000) 1.18 -2.41  91.2 +58.0 141.0 *
057 2610709 ( 70.87756 +26.10000) 1.26 -2.82  87.9 +52.8 152.0 *
