#No  Block  (       RA       Dec) Airm HA       Az   Alt   Key Other
001 2290387 ( 38.70014 +22.90000) 1.01 -0.13 168.9 +80.8  39.0 *
002 2370389 ( 38.93356 +23.70000) 1.01 -0.14 166.5 +81.5  41.0 *
003 2450392 ( 39.17749 +24.50000) 1.01 -0.16 163.6 +82.3  47.0 *
004 2290448 ( 43.47659 +22.90000) 1.02 -0.49 142.4 +78.8  50.0 *
005 2450146 ( 14.56106 +24.50000) 1.07  1.48 254.7 +69.1  52.0 *
006 2450330 ( 33.02338 +24.50000) 1.01  0.17 197.8 +82.2  52.0 *
007 2370450 ( 45.04935 +23.70000) 1.02 -0.55 136.5 +79.0  52.0 *
008 2373369 (336.85990 +23.70000) 1.66  4.00 277.1 +37.0  55.0 *
009 2530341 ( 34.12299 +25.30000) 1.01  0.18 200.0 +82.9  56.0 *
010 2210454 ( 47.97477 +22.10000) 1.03 -0.84 128.4 +75.1  57.0 *
011 2453592 (359.19113 +24.50000) 1.19  2.41 266.1 +57.4  58.0 *
012 2450023 (  2.31783 +24.50000) 1.17  2.30 265.0 +58.9  59.0 *
013 2450207 ( 20.71517 +24.50000) 1.04  1.07 246.2 +74.0  59.0 *
014 2453372 (337.21217 +24.50000) 1.64  3.97 277.8 +37.6  63.0 *
015 2450453 ( 45.33160 +24.50000) 1.02 -0.57 132.6 +79.4  63.0 *
016 2453557 (355.67450 +24.50000) 1.25  2.74 268.9 +53.2  64.0 *
017 2450515 ( 51.48571 +24.50000) 1.03 -0.98 116.3 +75.1  66.0 *
018 2530279 ( 27.92887 +25.30000) 1.02  0.59 231.6 +79.8  66.0 *
019 2453495 (349.52039 +24.50000) 1.35  3.15 272.1 +48.0  67.0 *
020 2610335 ( 33.46222 +26.10000) 1.01  0.22 207.2 +83.5  68.0 *
021 2453434 (343.36629 +24.50000) 1.47  3.56 275.1 +42.8  69.0 *
022 2530403 ( 40.31712 +25.30000) 1.01 -0.24 154.2 +82.7  70.0 *
023 2530155 ( 15.54062 +25.30000) 1.06  1.42 255.7 +70.2  72.0 *
024 2530465 ( 46.51124 +25.30000) 1.02 -0.65 125.5 +79.2  73.0 *
025 2533447 (344.71412 +25.30000) 1.43  3.47 275.5 +44.2  73.0 *
026 2533385 (338.51999 +25.30000) 1.59  3.88 278.2 +39.0  74.0 *
027 2530093 (  9.34649 +25.30000) 1.10  1.83 261.5 +65.1  74.0 *
028 2530217 ( 21.73474 +25.30000) 1.03  1.00 247.0 +75.2  74.0 *
029 2533509 (350.90824 +25.30000) 1.32  3.06 272.6 +49.5  75.0 *
030 2610397 ( 39.69811 +26.10000) 1.01 -0.19 155.8 +83.6  78.0 *
031 2450576 ( 57.20024 +24.50000) 1.06 -1.38 107.1 +70.4  78.0 *
032 2530032 (  3.15237 +25.30000) 1.16  2.24 265.9 +59.9  79.0 *
033 2610272 ( 27.22634 +26.10000) 1.02  0.64 237.4 +79.8  80.0 *
034 2610148 ( 14.75456 +26.10000) 1.06  1.47 258.7 +69.9  82.0 *
035 2610085 (  8.51867 +26.10000) 1.11  1.88 263.9 +64.7  82.0 *
036 2533571 (357.10237 +25.30000) 1.22  2.65 269.4 +54.7  82.0 *
037 2613453 (345.25666 +26.10000) 1.41  3.44 276.3 +45.0  86.0 *
038 2613573 (357.28301 +26.10000) 1.22  2.62 270.5 +55.4  89.0 *
039 2610210 ( 20.99045 +26.10000) 1.04  1.05 251.0 +75.0  89.0 *
040 2610459 ( 45.93400 +26.10000) 1.02 -0.61 123.9 +80.1  89.0 *
041 2613390 (339.02077 +26.10000) 1.56  3.85 279.0 +39.7  92.0 *
042 2530527 ( 52.70537 +25.30000) 1.04 -1.06 111.5 +74.5  92.0 *
043 2530589 ( 58.89949 +25.30000) 1.07 -1.47 103.3 +69.5  93.0 *
044 2450699 ( 72.58551 +24.50000) 1.20 -2.48  93.3 +56.6  95.0 *
045 2610023 (  2.39574 +26.10000) 1.16  2.29 267.9 +59.5  98.0 *
046 2530651 ( 65.53606 +25.30000) 1.12 -1.99  96.6 +63.0  99.0 *
047 2613515 (351.49255 +26.10000) 1.30  3.02 273.5 +50.3 100.0 *
048 2610522 ( 52.16989 +26.10000) 1.03 -1.03 109.6 +75.3 101.0 *
049 2610584 ( 58.40578 +26.10000) 1.06 -1.44 101.7 +70.3 109.0 *
050 2610646 ( 64.64167 +26.10000) 1.10 -1.86  96.4 +65.0 114.0 *
051 2610709 ( 70.87756 +26.10000) 1.16 -2.27  92.3 +59.8 130.0 *
