#No  Block  (       RA       Dec) Airm HA       Az   Alt   Key Other
001 2210454 ( 47.97477 +22.10000) 1.02  0.14 191.3 +80.0  35.0 *
002 2453592 (359.19113 +24.50000) 1.42  3.39 273.9 +45.0  37.0 *
003 2450392 ( 39.17749 +24.50000) 1.03  0.82 238.5 +76.9  37.0 *
004 2450576 ( 57.20024 +24.50000) 1.01 -0.40 143.3 +80.9  37.0 *
005 2450023 (  2.31783 +24.50000) 1.38  3.28 273.1 +46.4  39.0 *
006 2450453 ( 45.33160 +24.50000) 1.01  0.41 217.4 +80.8  40.0 *
007 2530465 ( 46.51124 +25.30000) 1.01  0.33 214.3 +82.1  41.0 *
008 2450146 ( 14.56106 +24.50000) 1.19  2.46 266.5 +56.8  42.0 *
009 2450207 ( 20.71517 +24.50000) 1.13  2.05 262.4 +62.0  43.0 *
010 2450330 ( 33.02338 +24.50000) 1.05  1.15 248.2 +73.1  44.0 *
011 2453557 (355.67450 +24.50000) 1.53  3.72 276.1 +40.8  45.0 *
012 2530155 ( 15.54062 +25.30000) 1.18  2.39 267.3 +57.9  49.0 *
013 2530403 ( 40.31712 +25.30000) 1.02  0.74 238.5 +78.2  49.0 *
014 2530527 ( 52.70537 +25.30000) 1.01 -0.08 170.3 +83.3  50.0 *
015 2530093 (  9.34649 +25.30000) 1.26  2.81 270.7 +52.7  50.0 *
016 2530341 ( 34.12299 +25.30000) 1.04  1.16 250.7 +73.4  52.0 *
017 2530217 ( 21.73474 +25.30000) 1.12  1.98 263.3 +63.2  52.0 *
018 2530589 ( 58.89949 +25.30000) 1.01 -0.50 133.7 +80.7  54.0 *
019 2530032 (  3.15237 +25.30000) 1.36  3.22 273.8 +47.4  54.0 *
020 2533571 (357.10237 +25.30000) 1.49  3.62 276.5 +42.3  57.0 *
021 2610335 ( 33.46222 +26.10000) 1.04  1.20 254.1 +73.2  57.0 *
022 2530651 ( 65.53606 +25.30000) 1.03 -1.02 112.7 +75.1  58.0 *
023 2530279 ( 27.92887 +25.30000) 1.08  1.57 258.1 +68.4  58.0 *
024 2450699 ( 72.58551 +24.50000) 1.07 -1.50 105.0 +68.9  59.0 *
025 2610459 ( 45.93400 +26.10000) 1.01  0.37 220.9 +82.4  59.0 *
026 2610148 ( 14.75456 +26.10000) 1.19  2.45 269.2 +57.5  59.0 *
027 2610584 ( 58.40578 +26.10000) 1.01 -0.46 132.2 +81.6  60.0 *
028 2610397 ( 39.69811 +26.10000) 1.02  0.78 243.3 +78.2  60.0 *
029 2610522 ( 52.16989 +26.10000) 1.01 -0.05 173.7 +84.1  61.0 *
030 2613515 (351.49255 +26.10000) 1.63  4.00 279.9 +37.9  62.0 *
031 2610210 ( 20.99045 +26.10000) 1.12  2.03 265.4 +62.8  66.0 *
032 2610085 (  8.51867 +26.10000) 1.26  2.86 272.4 +52.2  67.0 *
033 2610272 ( 27.22634 +26.10000) 1.08  1.62 260.7 +68.1  70.0 *
034 2610646 ( 64.64167 +26.10000) 1.03 -0.88 113.6 +77.1  71.0 *
035 2613573 (357.28301 +26.10000) 1.47  3.60 277.3 +42.9  71.0 *
036 2610023 (  2.39574 +26.10000) 1.37  3.27 275.2 +47.1  72.0 *
037 2610709 ( 70.87756 +26.10000) 1.05 -1.29 104.1 +72.1  81.0 *
