#No  Block  (       RA       Dec) Airm HA       Az   Alt   Key Other
001 2370267 ( 26.70198 +23.70000) 1.01 -0.31 152.8 +80.8  49.0 *
002 2450146 ( 14.56106 +24.50000) 1.02  0.50 223.6 +80.0  54.0 *
003 2210333 ( 32.86461 +22.10000) 1.03 -0.73 132.6 +76.1  54.0 *
004 2450207 ( 20.71517 +24.50000) 1.01  0.09 189.8 +82.4  55.0 *
005 2290326 ( 33.48946 +22.90000) 1.03 -0.79 127.9 +76.2  58.0 *
006 2370328 ( 32.81777 +23.70000) 1.02 -0.71 128.5 +77.5  58.0 *
007 2453592 (359.19113 +24.50000) 1.07  1.44 254.0 +69.6  60.0 *
008 2453557 (355.67450 +24.50000) 1.10  1.76 258.9 +65.6  62.0 *
009 2450269 ( 26.86928 +24.50000) 1.01 -0.32 149.5 +81.5  64.0 *
010 2290387 ( 38.70014 +22.90000) 1.05 -1.11 117.6 +72.8  67.0 *
011 2373369 (336.85990 +23.70000) 1.32  3.02 270.0 +49.4  68.0 *
012 2370389 ( 38.93356 +23.70000) 1.05 -1.12 114.9 +73.0  68.0 *
013 2373246 (324.62833 +23.70000) 1.59  3.83 276.0 +39.1  69.0 *
014 2530217 ( 21.73474 +25.30000) 1.01  0.03 183.0 +83.3  70.0 *
015 2450023 (  2.31783 +24.50000) 1.06  1.32 251.8 +71.1  71.0 *
016 2453495 (349.52039 +24.50000) 1.15  2.17 263.7 +60.4  71.0 *
017 2290448 ( 43.47659 +22.90000) 1.07 -1.47 109.4 +68.5  76.0 *
018 2530155 ( 15.54062 +25.30000) 1.01  0.44 222.6 +81.2  76.0 *
019 2453249 (324.90396 +24.50000) 1.57  3.81 276.8 +39.6  77.0 *
020 2453372 (337.21217 +24.50000) 1.30  2.99 271.0 +50.0  78.0 *
021 2450330 ( 33.02338 +24.50000) 1.03 -0.80 122.1 +77.0  78.0 *
022 2530279 ( 27.92887 +25.30000) 1.01 -0.39 141.1 +81.6  79.0 *
023 2610148 ( 14.75456 +26.10000) 1.01  0.49 229.6 +81.3  80.0 *
024 2453434 (343.36629 +24.50000) 1.22  2.58 267.6 +55.2  80.0 *
025 2453311 (331.05806 +24.50000) 1.42  3.40 274.0 +44.8  81.0 *
026 2530093 (  9.34649 +25.30000) 1.03  0.85 242.5 +77.0  81.0 *
027 2610272 ( 27.22634 +26.10000) 1.01 -0.34 141.4 +82.6  82.0 *
028 2610085 (  8.51867 +26.10000) 1.03  0.91 247.2 +76.8  84.0 *
029 2370450 ( 45.04935 +23.70000) 1.08 -1.53 106.5 +68.2  84.0 *
030 2530341 ( 34.12299 +25.30000) 1.02 -0.80 119.3 +77.6  85.0 *
031 2533509 (350.90824 +25.30000) 1.13  2.08 264.3 +61.9  86.0 *
032 2533385 (338.51999 +25.30000) 1.28  2.91 271.5 +51.4  88.0 *
033 2210454 ( 47.97477 +22.10000) 1.11 -1.82 105.4 +63.9  88.0 *
034 2610210 ( 20.99045 +26.10000) 1.01  0.08 189.8 +84.1  89.0 *
035 2533571 (357.10237 +25.30000) 1.09  1.67 259.5 +67.1  90.0 *
036 2450392 ( 39.17749 +24.50000) 1.04 -1.14 112.1 +73.3  90.0 *
037 2530032 (  3.15237 +25.30000) 1.05  1.26 253.0 +72.1  90.0 *
038 2450453 ( 45.33160 +24.50000) 1.08 -1.55 104.2 +68.3  91.0 *
039 2533447 (344.71412 +25.30000) 1.20  2.49 268.2 +56.7  93.0 *
040 2533323 (332.32587 +25.30000) 1.39  3.32 274.4 +46.2  93.0 *
041 2610023 (  2.39574 +26.10000) 1.05  1.31 256.2 +71.8  98.0 *
042 2533261 (326.13174 +25.30000) 1.53  3.73 277.2 +40.9  99.0 *
043 2613515 (351.49255 +26.10000) 1.13  2.04 265.5 +62.7 103.0 *
044 2613573 (357.28301 +26.10000) 1.08  1.64 261.0 +67.8 104.0 *
045 2450515 ( 51.48571 +24.50000) 1.12 -1.96  98.7 +63.2 107.0 *
046 2613390 (339.02077 +26.10000) 1.27  2.87 272.4 +52.1 107.0 *
047 2610335 ( 33.46222 +26.10000) 1.02 -0.76 117.7 +78.5 109.0 *
048 2530403 ( 40.31712 +25.30000) 1.05 -1.21 108.1 +72.7 111.0 *
049 2613265 (326.54899 +26.10000) 1.51  3.70 278.0 +41.6 112.0 *
050 2613453 (345.25666 +26.10000) 1.19  2.46 269.3 +57.4 113.0 *
051 2530465 ( 46.51124 +25.30000) 1.08 -1.63 101.1 +67.6 113.0 *
052 2610397 ( 39.69811 +26.10000) 1.04 -1.17 106.4 +73.6 118.0 *
053 2450576 ( 57.20024 +24.50000) 1.18 -2.35  94.5 +58.2 119.0 *
054 2613328 (332.78488 +26.10000) 1.37  3.29 275.3 +46.8 121.0 *
055 2530527 ( 52.70537 +25.30000) 1.13 -2.04  96.1 +62.4 127.0 *
056 2450699 ( 72.58551 +24.50000) 1.44 -3.46  85.7 +44.1 132.0 *
057 2530651 ( 65.53606 +25.30000) 1.29 -2.97  88.0 +50.6 139.0 *
058 2530589 ( 58.89949 +25.30000) 1.19 -2.45  92.2 +57.2 139.0 *
059 2610459 ( 45.93400 +26.10000) 1.08 -1.59  99.6 +68.4 140.0 *
060 2610522 ( 52.16989 +26.10000) 1.12 -2.00  94.9 +63.2 147.0 *
061 2610584 ( 58.40578 +26.10000) 1.18 -2.42  91.1 +57.9 153.0 *
062 2610646 ( 64.64167 +26.10000) 1.26 -2.83  87.8 +52.6 165.0 *
063 2610709 ( 70.87756 +26.10000) 1.36 -3.25  84.9 +47.3 166.0 *
