#No  Block  (       RA       Dec) Airm HA       Az   Alt   Key Other
001 2133465 (346.52041 +21.30000) 1.04 -0.87 129.5 +74.3  21.0 *
002 2373307 (330.74411 +23.70000) 1.01  0.19 197.3 +81.4  24.0 *
003 2373246 (324.62833 +23.70000) 1.02  0.59 225.8 +78.6  24.0 *
004 2133525 (352.53098 +21.30000) 1.06 -1.27 117.5 +70.0  29.0 *
005 2373369 (336.85990 +23.70000) 1.01 -0.22 159.6 +81.2  31.0 *
006 2133577 (357.68290 +21.30000) 1.10 -1.64 109.9 +65.6  32.0 *
007 2453372 (337.21217 +24.50000) 1.01 -0.25 155.6 +81.9  34.0 *
008 2373430 (342.97569 +23.70000) 1.02 -0.63 132.4 +78.3  35.0 *
009 2453187 (318.74985 +24.50000) 1.04  0.99 243.9 +75.0  36.0 *
010 2453249 (324.90396 +24.50000) 1.02  0.58 227.7 +79.4  38.0 *
011 2453311 (331.05806 +24.50000) 1.01  0.17 196.9 +82.2  39.0 *
012 2130022 (  0.25885 +21.30000) 1.12 -1.87 106.1 +62.8  43.0 *
013 2213579 (358.81247 +22.10000) 1.11 -1.75 106.5 +64.8  44.0 *
014 2373491 (349.09149 +23.70000) 1.04 -1.04 117.1 +74.0  45.0 *
015 2453126 (312.59574 +24.50000) 1.06  1.40 253.2 +70.1  49.0 *
016 2373591 (359.13886 +23.70000) 1.10 -1.78 102.6 +65.0  50.0 *
017 2453434 (343.36629 +24.50000) 1.02 -0.66 128.3 +78.6  50.0 *
018 2373552 (355.20728 +23.70000) 1.07 -1.44 107.9 +69.2  52.0 *
019 2453557 (355.67450 +24.50000) 1.07 -1.48 105.4 +69.2  55.0 *
020 2210031 (  5.66631 +22.10000) 1.17 -2.23 100.0 +58.7  55.0 *
021 2370022 (  0.44937 +23.70000) 1.12 -1.89 101.2 +63.7  56.0 *
022 2210091 (  9.12006 +22.10000) 1.19 -2.37  98.4 +57.0  58.0 *
023 2290022 (  2.65962 +22.90000) 1.13 -1.96 101.9 +62.5  58.0 *
024 2453495 (349.52039 +24.50000) 1.04 -1.07 113.9 +74.1  60.0 *
025 2290083 (  8.30452 +22.90000) 1.18 -2.32  97.6 +58.0  64.0 *
026 2210152 ( 15.16413 +22.10000) 1.27 -2.78  94.4 +51.9  65.0 *
027 2290144 ( 13.51520 +22.90000) 1.25 -2.70  93.9 +53.2  66.0 *
028 2453592 (359.19113 +24.50000) 1.10 -1.80 100.6 +65.1  66.0 *
029 2450023 (  2.31783 +24.50000) 1.12 -1.92  99.1 +63.7  76.0 *
030 2290205 ( 22.63388 +22.90000) 1.42 -3.35  88.5 +44.9  76.0 *
031 2370206 ( 22.33355 +23.70000) 1.40 -3.31  87.7 +45.7  80.0 *
032 2450084 (  8.40695 +24.50000) 1.17 -2.32  94.8 +58.5  80.0 *
033 2290265 ( 26.54189 +22.90000) 1.48 -3.53  87.1 +42.6  81.0 *
034 2210333 ( 32.86461 +22.10000) 1.67 -3.97  84.9 +36.7  82.0 *
035 2450146 ( 14.56106 +24.50000) 1.25 -2.73  91.1 +53.3  85.0 *
036 2370267 ( 26.70198 +23.70000) 1.47 -3.54  86.1 +42.7  91.0 *
037 2370328 ( 32.81777 +23.70000) 1.64 -3.95  83.2 +37.6  93.0 *
038 2450207 ( 20.71517 +24.50000) 1.34 -3.15  87.9 +48.1  98.0 *
039 2450269 ( 26.86928 +24.50000) 1.47 -3.56  85.0 +42.9 102.0 *
