#No  Block  (       RA       Dec) Airm HA       Az   Alt   Key Other
001 2290265 ( 26.54189 +22.90000) 1.02 -0.51 141.4 +78.7  50.0 *
002 2450146 ( 14.56106 +24.50000) 1.01  0.29 208.3 +81.6  53.0 *
003 2370267 ( 26.70198 +23.70000) 1.02 -0.52 138.3 +79.3  53.0 *
004 2450207 ( 20.71517 +24.50000) 1.01 -0.12 167.5 +82.4  58.0 *
005 2210333 ( 32.86461 +22.10000) 1.04 -0.95 124.5 +74.0  59.0 *
006 2453592 (359.19113 +24.50000) 1.05  1.22 249.8 +72.2  60.0 *
007 2453557 (355.67450 +24.50000) 1.08  1.55 255.8 +68.3  62.0 *
008 2450269 ( 26.86928 +24.50000) 1.02 -0.53 134.8 +79.8  64.0 *
009 2370328 ( 32.81777 +23.70000) 1.03 -0.93 120.5 +75.2  64.0 *
010 2290326 ( 33.48946 +22.90000) 1.04 -1.00 120.5 +73.9  65.0 *
011 2373246 (324.62833 +23.70000) 1.50  3.62 274.5 +41.8  70.0 *
012 2373369 (336.85990 +23.70000) 1.27  2.80 268.2 +52.1  71.0 *
013 2450023 (  2.31783 +24.50000) 1.04  1.11 247.1 +73.6  72.0 *
014 2453495 (349.52039 +24.50000) 1.12  1.96 261.4 +63.1  72.0 *
015 2530155 ( 15.54062 +25.30000) 1.01  0.22 204.8 +82.7  74.0 *
016 2453372 (337.21217 +24.50000) 1.26  2.78 269.3 +52.7  75.0 *
017 2290387 ( 38.70014 +22.90000) 1.06 -1.32 112.4 +70.3  77.0 *
018 2610148 ( 14.75456 +26.10000) 1.01  0.28 212.9 +83.1  79.0 *
019 2530093 (  9.34649 +25.30000) 1.02  0.64 234.0 +79.3  80.0 *
020 2370389 ( 38.93356 +23.70000) 1.06 -1.33 110.0 +70.5  80.0 *
021 2453249 (324.90396 +24.50000) 1.49  3.60 275.3 +42.3  81.0 *
022 2530217 ( 21.73474 +25.30000) 1.01 -0.19 158.9 +82.9  81.0 *
023 2290448 ( 43.47659 +22.90000) 1.10 -1.68 105.8 +65.9  83.0 *
024 2610085 (  8.51867 +26.10000) 1.02  0.69 239.8 +79.2  84.0 *
025 2530032 (  3.15237 +25.30000) 1.04  1.05 248.3 +74.7  84.0 *
026 2453434 (343.36629 +24.50000) 1.18  2.37 265.7 +58.0  85.0 *
027 2530279 ( 27.92887 +25.30000) 1.02 -0.60 127.8 +79.7  86.0 *
028 2450330 ( 33.02338 +24.50000) 1.04 -1.02 115.2 +74.7  87.0 *
029 2453311 (331.05806 +24.50000) 1.36  3.19 272.4 +47.5  88.0 *
030 2533509 (350.90824 +25.30000) 1.11  1.87 262.0 +64.6  89.0 *
031 2533571 (357.10237 +25.30000) 1.07  1.45 256.3 +69.8  91.0 *
032 2610272 ( 27.22634 +26.10000) 1.01 -0.55 126.8 +80.7  91.0 *
033 2530341 ( 34.12299 +25.30000) 1.03 -1.01 112.7 +75.1  91.0 *
034 2370450 ( 45.04935 +23.70000) 1.10 -1.74 103.1 +65.5  92.0 *
035 2450392 ( 39.17749 +24.50000) 1.06 -1.35 107.6 +70.7  93.0 *
036 2533447 (344.71412 +25.30000) 1.16  2.28 266.3 +59.4  94.0 *
037 2533385 (338.51999 +25.30000) 1.23  2.69 269.8 +54.1  95.0 *
038 2210454 ( 47.97477 +22.10000) 1.14 -2.03 102.4 +61.3  95.0 *
039 2610023 (  2.39574 +26.10000) 1.04  1.10 252.1 +74.4  97.0 *
040 2450453 ( 45.33160 +24.50000) 1.10 -1.76 101.1 +65.6  97.0 *
041 2610210 ( 20.99045 +26.10000) 1.01 -0.14 162.2 +83.9  97.0 *
042 2533323 (332.32587 +25.30000) 1.33  3.11 272.9 +48.9  99.0 *
043 2533261 (326.13174 +25.30000) 1.45  3.52 275.8 +43.6 102.0 *
044 2613515 (351.49255 +26.10000) 1.10  1.83 263.3 +65.4 103.0 *
045 2533199 (319.93762 +25.30000) 1.61  3.93 278.5 +38.4 104.0 *
046 2613573 (357.28301 +26.10000) 1.06  1.43 258.1 +70.4 108.0 *
047 2613453 (345.25666 +26.10000) 1.15  2.24 267.4 +60.1 111.0 *
048 2613390 (339.02077 +26.10000) 1.22  2.66 270.9 +54.8 112.0 *
049 2450515 ( 51.48571 +24.50000) 1.15 -2.17  96.3 +60.5 115.0 *
050 2613265 (326.54899 +26.10000) 1.43  3.49 276.7 +44.3 115.0 *
051 2610335 ( 33.46222 +26.10000) 1.03 -0.97 111.0 +76.0 118.0 *
052 2613328 (332.78488 +26.10000) 1.31  3.08 273.9 +49.5 119.0 *
053 2530465 ( 46.51124 +25.30000) 1.10 -1.84  98.4 +65.0 122.0 *
054 2530403 ( 40.31712 +25.30000) 1.06 -1.43 104.1 +70.1 122.0 *
055 2613203 (320.31311 +26.10000) 1.59  3.91 279.3 +39.0 127.0 *
056 2610397 ( 39.69811 +26.10000) 1.06 -1.39 102.6 +70.9 129.0 *
057 2450576 ( 57.20024 +24.50000) 1.21 -2.57  92.5 +55.4 129.0 *
058 2530527 ( 52.70537 +25.30000) 1.16 -2.25  94.0 +59.7 131.0 *
059 2530589 ( 58.89949 +25.30000) 1.23 -2.67  90.4 +54.5 141.0 *
060 2450699 ( 72.58551 +24.50000) 1.51 -3.67  84.2 +41.4 143.0 *
061 2530651 ( 65.53606 +25.30000) 1.35 -3.18  86.5 +47.9 148.0 *
062 2610459 ( 45.93400 +26.10000) 1.10 -1.80  97.0 +65.7 148.0 *
063 2610522 ( 52.16989 +26.10000) 1.15 -2.22  92.8 +60.5 157.0 *
064 2610584 ( 58.40578 +26.10000) 1.22 -2.63  89.4 +55.2 163.0 *
065 2610646 ( 64.64167 +26.10000) 1.31 -3.05  86.3 +49.9 175.0 *
066 2610709 ( 70.87756 +26.10000) 1.42 -3.46  83.5 +44.6 175.0 *
