#No  Block  (       RA       Dec) Airm HA       Az   Alt   Key Other
001 2293114 (311.39227 +22.90000) 1.02 -0.54 139.6 +78.4  15.0 *
002 2213225 (322.54807 +22.10000) 1.06 -1.28 115.2 +70.3  17.0 *
003 2293175 (317.47139 +22.90000) 1.04 -0.95 122.3 +74.5  18.0 *
004 2373124 (312.39675 +23.70000) 1.02 -0.61 133.5 +78.5  25.0 *
005 2213286 (326.43355 +22.10000) 1.09 -1.62 108.5 +66.3  27.0 *
006 2373185 (318.51254 +23.70000) 1.04 -1.02 117.8 +74.2  28.0 *
007 2293236 (323.55052 +22.90000) 1.06 -1.35 111.7 +69.9  29.0 *
008 2293296 (329.62964 +22.90000) 1.10 -1.76 104.6 +65.0  33.0 *
009 2373246 (324.62833 +23.70000) 1.07 -1.42 108.3 +69.4  35.0 *
010 2453187 (318.74985 +24.50000) 1.04 -1.03 114.9 +74.5  36.0 *
011 2453126 (312.59574 +24.50000) 1.02 -0.62 130.0 +78.9  36.0 *
012 2213346 (335.49963 +22.10000) 1.16 -2.18 100.6 +59.4  38.0 *
013 2293357 (335.70876 +22.90000) 1.16 -2.16  99.4 +60.0  42.0 *
014 2213407 (338.52167 +22.10000) 1.20 -2.43  97.8 +56.3  42.0 *
015 2133405 (343.08578 +21.30000) 1.27 -2.74  95.9 +51.9  44.0 *
016 2453249 (324.90396 +24.50000) 1.07 -1.44 106.0 +69.6  46.0 *
017 2373307 (330.74411 +23.70000) 1.11 -1.83 101.9 +64.4  47.0 *
018 2133465 (346.52041 +21.30000) 1.30 -2.88  94.6 +50.2  48.0 *
019 2133525 (352.53098 +21.30000) 1.41 -3.28  91.1 +45.1  53.0 *
020 2373369 (336.85990 +23.70000) 1.16 -2.24  97.1 +59.3  54.0 *
021 2133577 (357.68290 +21.30000) 1.54 -3.66  88.2 +40.3  57.0 *
022 2453311 (331.05806 +24.50000) 1.11 -1.85  99.9 +64.5  57.0 *
023 2453372 (337.21217 +24.50000) 1.16 -2.26  95.4 +59.3  61.0 *
024 2373430 (342.97569 +23.70000) 1.23 -2.65  93.1 +54.2  62.0 *
025 2130022 (  0.25885 +21.30000) 1.65 -3.89  86.4 +37.4  66.0 *
026 2213579 (358.81247 +22.10000) 1.58 -3.76  86.4 +39.3  69.0 *
027 2373491 (349.09149 +23.70000) 1.33 -3.05  89.7 +49.0  71.0 *
028 2373552 (355.20728 +23.70000) 1.45 -3.46  86.7 +43.8  72.0 *
029 2453434 (343.36629 +24.50000) 1.23 -2.67  91.6 +54.1  73.0 *
030 2373591 (359.13886 +23.70000) 1.57 -3.80  84.3 +39.5  77.0 *
031 2453557 (355.67450 +24.50000) 1.45 -3.49  85.4 +43.7  80.0 *
032 2290022 (  2.65962 +22.90000) 1.66 -3.97  84.0 +37.0  80.0 *
033 2370022 (  0.44937 +23.70000) 1.62 -3.90  83.6 +38.2  81.0 *
034 2453495 (349.52039 +24.50000) 1.33 -3.08  88.4 +48.9  83.0 *
035 2453592 (359.19113 +24.50000) 1.57 -3.82  83.2 +39.6  90.0 *
036 2450023 (  2.31783 +24.50000) 1.62 -3.94  82.4 +38.1  98.0 *
