#No  Block  (       RA       Dec) Airm HA       Az   Alt   Key Other
001 2133525 (352.53098 +21.30000) 1.05 -1.05 123.3 +72.4  25.0 *
002 2373307 (330.74411 +23.70000) 1.01  0.40 214.2 +80.2  27.0 *
003 2373369 (336.85990 +23.70000) 1.01 -0.01 179.3 +81.7  29.0 *
004 2133577 (357.68290 +21.30000) 1.08 -1.43 113.9 +68.2  29.0 *
005 2453372 (337.21217 +24.50000) 1.01 -0.03 176.7 +82.5  32.0 *
006 2373246 (324.62833 +23.70000) 1.03  0.81 235.3 +76.5  33.0 *
007 2373430 (342.97569 +23.70000) 1.02 -0.42 144.8 +80.1  33.0 *
008 2373491 (349.09149 +23.70000) 1.03 -0.82 124.1 +76.3  37.0 *
009 2453187 (318.74985 +24.50000) 1.05  1.20 249.3 +72.5  38.0 *
010 2453249 (324.90396 +24.50000) 1.03  0.79 237.4 +77.2  40.0 *
011 2213579 (358.81247 +22.10000) 1.08 -1.53 110.1 +67.3  41.0 *
012 2453311 (331.05806 +24.50000) 1.01  0.38 215.3 +81.0  41.0 *
013 2130022 (  0.25885 +21.30000) 1.10 -1.66 109.5 +65.4  41.0 *
014 2453434 (343.36629 +24.50000) 1.01 -0.44 140.3 +80.5  47.0 *
015 2373591 (359.13886 +23.70000) 1.08 -1.57 105.8 +67.7  47.0 *
016 2373552 (355.20728 +23.70000) 1.05 -1.23 112.3 +71.7  50.0 *
017 2210031 (  5.66631 +22.10000) 1.14 -2.02 102.6 +61.4  52.0 *
018 2453557 (355.67450 +24.50000) 1.05 -1.26 109.4 +71.8  52.0 *
019 2453126 (312.59574 +24.50000) 1.08  1.61 256.8 +67.5  55.0 *
020 2370022 (  0.44937 +23.70000) 1.09 -1.67 104.2 +66.4  55.0 *
021 2290022 (  2.65962 +22.90000) 1.10 -1.74 104.8 +65.2  56.0 *
022 2210091 (  9.12006 +22.10000) 1.16 -2.16 100.8 +59.7  57.0 *
023 2453495 (349.52039 +24.50000) 1.03 -0.85 120.4 +76.5  57.0 *
024 2290083 (  8.30452 +22.90000) 1.15 -2.10 100.0 +60.7  60.0 *
025 2210152 ( 15.16413 +22.10000) 1.23 -2.56  96.4 +54.6  61.0 *
026 2453592 (359.19113 +24.50000) 1.08 -1.59 103.6 +67.8  63.0 *
027 2290144 ( 13.51520 +22.90000) 1.21 -2.48  95.9 +55.9  63.0 *
028 2290205 ( 22.63388 +22.90000) 1.35 -3.14  90.2 +47.6  73.0 *
029 2450023 (  2.31783 +24.50000) 1.09 -1.70 101.9 +66.3  74.0 *
030 2370206 ( 22.33355 +23.70000) 1.34 -3.10  89.4 +48.4  77.0 *
031 2450084 (  8.40695 +24.50000) 1.14 -2.11  96.9 +61.2  78.0 *
032 2210333 ( 32.86461 +22.10000) 1.58 -3.76  86.5 +39.4  79.0 *
033 2290265 ( 26.54189 +22.90000) 1.41 -3.32  88.7 +45.3  81.0 *
034 2450146 ( 14.56106 +24.50000) 1.21 -2.52  92.9 +56.0  83.0 *
035 2290326 ( 33.48946 +22.90000) 1.59 -3.81  85.1 +39.0  87.0 *
036 2370328 ( 32.81777 +23.70000) 1.55 -3.74  84.7 +40.3  89.0 *
037 2370267 ( 26.70198 +23.70000) 1.40 -3.33  87.6 +45.4  89.0 *
038 2450207 ( 20.71517 +24.50000) 1.29 -2.93  89.5 +50.8  96.0 *
039 2450269 ( 26.86928 +24.50000) 1.40 -3.34  86.5 +45.6 100.0 *
040 2450330 ( 33.02338 +24.50000) 1.57 -3.83  83.1 +39.4 113.0 *
