#No  Block  (       RA       Dec) Airm HA       Az   Alt   Key Other
001 2370206 ( 22.33355 +23.70000) 1.01 -0.38 147.2 +80.3  47.0 *
002 2290265 ( 26.54189 +22.90000) 1.02 -0.60 136.4 +77.9  53.0 *
003 2450146 ( 14.56106 +24.50000) 1.01  0.20 200.1 +82.1  55.0 *
004 2370267 ( 26.70198 +23.70000) 1.02 -0.61 133.3 +78.4  58.0 *
005 2453592 (359.19113 +24.50000) 1.04  1.13 247.7 +73.3  59.0 *
006 2450207 ( 20.71517 +24.50000) 1.01 -0.21 158.6 +82.0  61.0 *
007 2210333 ( 32.86461 +22.10000) 1.05 -1.04 121.7 +73.0  64.0 *
008 2453557 (355.67450 +24.50000) 1.07  1.46 254.3 +69.4  66.0 *
009 2290326 ( 33.48946 +22.90000) 1.05 -1.09 117.9 +72.9  70.0 *
010 2370328 ( 32.81777 +23.70000) 1.04 -1.02 117.7 +74.2  70.0 *
011 2450023 (  2.31783 +24.50000) 1.04  1.01 244.7 +74.7  71.0 *
012 2373369 (336.85990 +23.70000) 1.25  2.71 267.5 +53.3  72.0 *
013 2453495 (349.52039 +24.50000) 1.11  1.87 260.3 +64.3  74.0 *
014 2450269 ( 26.86928 +24.50000) 1.02 -0.62 129.9 +78.9  74.0 *
015 2530217 ( 21.73474 +25.30000) 1.01 -0.28 150.0 +82.4  76.0 *
016 2453372 (337.21217 +24.50000) 1.24  2.69 268.5 +53.9  76.0 *
017 2530155 ( 15.54062 +25.30000) 1.01  0.13 195.2 +83.1  77.0 *
018 2373246 (324.62833 +23.70000) 1.47  3.53 273.8 +42.9  78.0 *
019 2530032 (  3.15237 +25.30000) 1.03  0.96 245.8 +75.7  80.0 *
020 2610148 ( 14.75456 +26.10000) 1.01  0.19 203.2 +83.7  80.0 *
021 2453249 (324.90396 +24.50000) 1.45  3.51 274.7 +43.5  81.0 *
022 2290387 ( 38.70014 +22.90000) 1.07 -1.41 110.5 +69.2  82.0 *
023 2530093 (  9.34649 +25.30000) 1.01  0.55 229.2 +80.2  83.0 *
024 2533571 (357.10237 +25.30000) 1.06  1.36 254.8 +70.9  83.0 *
025 2370389 ( 38.93356 +23.70000) 1.07 -1.43 108.3 +69.4  84.0 *
026 2453434 (343.36629 +24.50000) 1.17  2.28 264.8 +59.1  86.0 *
027 2290448 ( 43.47659 +22.90000) 1.11 -1.78 104.4 +64.8  88.0 *
028 2453187 (318.74985 +24.50000) 1.61  3.92 277.5 +38.3  88.0 *
029 2533509 (350.90824 +25.30000) 1.10  1.78 260.9 +65.8  89.0 *
030 2533447 (344.71412 +25.30000) 1.15  2.19 265.4 +60.6  90.0 *
031 2450330 ( 33.02338 +24.50000) 1.04 -1.11 112.8 +73.6  91.0 *
032 2453311 (331.05806 +24.50000) 1.33  3.10 271.8 +48.7  93.0 *
033 2610210 ( 20.99045 +26.10000) 1.01 -0.23 151.9 +83.4  93.0 *
034 2610085 (  8.51867 +26.10000) 1.01  0.60 235.7 +80.2  95.0 *
035 2533385 (338.51999 +25.30000) 1.22  2.60 269.1 +55.3  95.0 *
036 2370450 ( 45.04935 +23.70000) 1.11 -1.83 101.9 +64.4  97.0 *
037 2530279 ( 27.92887 +25.30000) 1.02 -0.69 123.5 +78.7  98.0 *
038 2450392 ( 39.17749 +24.50000) 1.07 -1.44 105.9 +69.6  99.0 *
039 2533323 (332.32587 +25.30000) 1.30  3.01 272.3 +50.0  99.0 *
040 2533199 (319.93762 +25.30000) 1.57  3.84 277.9 +39.6  99.0 *
041 2210454 ( 47.97477 +22.10000) 1.15 -2.12 101.3 +60.1 100.0 *
042 2610272 ( 27.22634 +26.10000) 1.02 -0.65 122.2 +79.7 102.0 *
043 2610023 (  2.39574 +26.10000) 1.03  1.01 250.0 +75.5 103.0 *
044 2613573 (357.28301 +26.10000) 1.05  1.33 256.6 +71.6 103.0 *
045 2613515 (351.49255 +26.10000) 1.09  1.74 262.2 +66.6 103.0 *
046 2533261 (326.13174 +25.30000) 1.42  3.43 275.2 +44.8 106.0 *
047 2530341 ( 34.12299 +25.30000) 1.04 -1.11 110.4 +74.0 106.0 *
048 2613453 (345.25666 +26.10000) 1.14  2.15 266.6 +61.3 107.0 *
049 2450453 ( 45.33160 +24.50000) 1.11 -1.85  99.9 +64.5 108.0 *
050 2610335 ( 33.46222 +26.10000) 1.04 -1.06 108.8 +74.9 112.0 *
051 2613265 (326.54899 +26.10000) 1.40  3.40 276.1 +45.4 114.0 *
052 2613328 (332.78488 +26.10000) 1.29  2.98 273.2 +50.7 121.0 *
053 2450515 ( 51.48571 +24.50000) 1.16 -2.26  95.4 +59.3 121.0 *
054 2613390 (339.02077 +26.10000) 1.21  2.57 270.1 +56.0 122.0 *
055 2530403 ( 40.31712 +25.30000) 1.07 -1.52 102.7 +69.0 128.0 *
056 2530465 ( 46.51124 +25.30000) 1.11 -1.93  97.3 +63.8 128.0 *
057 2610397 ( 39.69811 +26.10000) 1.07 -1.48 101.2 +69.8 131.0 *
058 2613203 (320.31311 +26.10000) 1.55  3.81 278.7 +40.2 134.0 *
059 2450576 ( 57.20024 +24.50000) 1.23 -2.66  91.7 +54.3 138.0 *
060 2450699 ( 72.58551 +24.50000) 1.55 -3.76  83.6 +40.3 144.0 *
061 2530527 ( 52.70537 +25.30000) 1.17 -2.34  93.1 +58.6 151.0 *
062 2530651 ( 65.53606 +25.30000) 1.37 -3.28  85.9 +46.7 154.0 *
063 2610459 ( 45.93400 +26.10000) 1.11 -1.89  96.0 +64.6 155.0 *
064 2530589 ( 58.89949 +25.30000) 1.25 -2.76  89.7 +53.3 159.0 *
065 2610522 ( 52.16989 +26.10000) 1.16 -2.31  92.0 +59.3 164.0 *
066 2610646 ( 64.64167 +26.10000) 1.33 -3.14  85.7 +48.7 176.0 *
067 2610584 ( 58.40578 +26.10000) 1.24 -2.72  88.7 +54.0 178.0 *
068 2610709 ( 70.87756 +26.10000) 1.45 -3.56  82.9 +43.5 192.0 *
