#No  Block  (       RA       Dec) Airm HA       Az   Alt   Key Other
001 2373307 (330.74411 +23.70000) 1.03  0.77 233.7 +76.9  29.0 *
002 2373246 (324.62833 +23.70000) 1.05  1.17 246.4 +72.4  30.0 *
003 2373430 (342.97569 +23.70000) 1.01 -0.05 175.4 +81.7  30.0 *
004 2373369 (336.85990 +23.70000) 1.01  0.36 211.3 +80.5  32.0 *
005 2213579 (358.81247 +22.10000) 1.05 -1.17 118.1 +71.6  33.0 *
006 2453372 (337.21217 +24.50000) 1.01  0.34 212.0 +81.3  34.0 *
007 2130022 (  0.25885 +21.30000) 1.07 -1.29 116.9 +69.7  34.0 *
008 2373552 (355.20728 +23.70000) 1.03 -0.86 122.6 +75.9  37.0 *
009 2373491 (349.09149 +23.70000) 1.02 -0.46 142.1 +79.8  39.0 *
010 2373591 (359.13886 +23.70000) 1.05 -1.20 112.9 +72.1  41.0 *
011 2453249 (324.90396 +24.50000) 1.05  1.16 248.3 +73.0  44.0 *
012 2210031 (  5.66631 +22.10000) 1.10 -1.65 108.0 +65.9  45.0 *
013 2453434 (343.36629 +24.50000) 1.01 -0.07 172.2 +82.5  45.0 *
014 2453311 (331.05806 +24.50000) 1.02  0.75 235.7 +77.7  45.0 *
015 2453557 (355.67450 +24.50000) 1.03 -0.90 118.9 +76.0  47.0 *
016 2453187 (318.74985 +24.50000) 1.08  1.57 256.1 +68.1  47.0 *
017 2370022 (  0.44937 +23.70000) 1.06 -1.31 110.6 +70.9  48.0 *
018 2290022 (  2.65962 +22.90000) 1.07 -1.38 111.2 +69.6  49.0 *
019 2210091 (  9.12006 +22.10000) 1.11 -1.79 105.8 +64.2  49.0 *
020 2453126 (312.59574 +24.50000) 1.12  1.98 261.6 +62.9  52.0 *
021 2453495 (349.52039 +24.50000) 1.01 -0.49 137.5 +80.2  55.0 *
022 2290083 (  8.30452 +22.90000) 1.10 -1.74 104.9 +65.2  56.0 *
023 2210152 ( 15.16413 +22.10000) 1.16 -2.19 100.4 +59.2  57.0 *
024 2453592 (359.19113 +24.50000) 1.05 -1.22 110.2 +72.3  58.0 *
025 2290144 ( 13.51520 +22.90000) 1.15 -2.12  99.9 +60.5  58.0 *
026 2290205 ( 22.63388 +22.90000) 1.26 -2.77  93.3 +52.3  66.0 *
027 2450023 (  2.31783 +24.50000) 1.06 -1.34 107.8 +70.8  68.0 *
028 2370206 ( 22.33355 +23.70000) 1.25 -2.73  92.4 +53.0  72.0 *
029 2210333 ( 32.86461 +22.10000) 1.44 -3.39  89.2 +44.1  72.0 *
030 2290265 ( 26.54189 +22.90000) 1.31 -2.95  91.7 +49.9  74.0 *
031 2450146 ( 14.56106 +24.50000) 1.15 -2.15  96.5 +60.7  80.0 *
032 2290326 ( 33.48946 +22.90000) 1.45 -3.45  87.8 +43.7  81.0 *
033 2450084 (  8.40695 +24.50000) 1.10 -1.74 101.3 +65.8  83.0 *
034 2370267 ( 26.70198 +23.70000) 1.30 -2.96  90.4 +50.1  86.0 *
035 2290387 ( 38.70014 +22.90000) 1.57 -3.76  85.5 +39.6  87.0 *
036 2370328 ( 32.81777 +23.70000) 1.42 -3.37  87.3 +44.9  88.0 *
037 2450207 ( 20.71517 +24.50000) 1.21 -2.56  92.6 +55.5  93.0 *
038 2450269 ( 26.86928 +24.50000) 1.30 -2.97  89.2 +50.3  96.0 *
039 2370389 ( 38.93356 +23.70000) 1.56 -3.78  84.4 +39.7  97.0 *
040 2450330 ( 33.02338 +24.50000) 1.44 -3.46  85.6 +44.1 110.0 *
041 2450392 ( 39.17749 +24.50000) 1.56 -3.80  83.3 +39.8 113.0 *
