#No  Block  (       RA       Dec) Airm HA       Az   Alt   Key Other
001 2210031 (  5.66631 +22.10000) 1.02 -0.40 150.1 +78.8  47.0 *
002 2210091 (  9.12006 +22.10000) 1.02 -0.54 141.9 +77.8  48.0 *
003 2453592 (359.19113 +24.50000) 1.01  0.03 183.3 +82.5  51.0 *
004 2290083 (  8.30452 +22.90000) 1.02 -0.48 142.8 +78.9  53.0 *
005 2453557 (355.67450 +24.50000) 1.01  0.36 213.7 +81.2  55.0 *
006 2453495 (349.52039 +24.50000) 1.02  0.77 236.5 +77.4  56.0 *
007 2450084 (  8.40695 +24.50000) 1.02 -0.49 137.1 +80.1  60.0 *
008 2450023 (  2.31783 +24.50000) 1.01 -0.09 171.1 +82.5  61.0 *
009 2290144 ( 13.51520 +22.90000) 1.03 -0.86 125.1 +75.4  62.0 *
010 2373369 (336.85990 +23.70000) 1.09  1.61 254.9 +67.1  62.0 *
011 2210152 ( 15.16413 +22.10000) 1.04 -0.94 124.7 +74.0  63.0 *
012 2453372 (337.21217 +24.50000) 1.08  1.59 256.4 +67.8  68.0 *
013 2530032 (  3.15237 +25.30000) 1.01 -0.14 163.9 +83.1  69.0 *
014 2373246 (324.62833 +23.70000) 1.19  2.43 264.8 +56.9  72.0 *
015 2453434 (343.36629 +24.50000) 1.05  1.18 248.8 +72.8  76.0 *
016 2533571 (357.10237 +25.30000) 1.01  0.26 208.4 +82.5  79.0 *
017 2533509 (350.90824 +25.30000) 1.02  0.68 235.7 +78.9  80.0 *
018 2453249 (324.90396 +24.50000) 1.19  2.41 266.0 +57.5  80.0 *
019 2533447 (344.71412 +25.30000) 1.04  1.09 249.2 +74.2  82.0 *
020 2450146 ( 14.56106 +24.50000) 1.03 -0.90 118.7 +76.0  82.0 *
021 2290205 ( 22.63388 +22.90000) 1.08 -1.52 108.6 +67.9  83.0 *
022 2610023 (  2.39574 +26.10000) 1.01 -0.09 168.2 +84.0  84.0 *
023 2370206 ( 22.33355 +23.70000) 1.07 -1.48 107.3 +68.7  85.0 *
024 2453126 (312.59574 +24.50000) 1.37  3.23 272.7 +47.0  86.0 *
025 2453311 (331.05806 +24.50000) 1.13  2.00 261.8 +62.7  87.0 *
026 2453187 (318.74985 +24.50000) 1.26  2.82 269.6 +52.2  88.0 *
027 2613573 (357.28301 +26.10000) 1.01  0.23 208.6 +83.4  89.0 *
028 2533385 (338.51999 +25.30000) 1.07  1.50 257.1 +69.2  89.0 *
029 2533323 (332.32587 +25.30000) 1.11  1.91 262.5 +64.0  90.0 *
030 2613515 (351.49255 +26.10000) 1.02  0.64 237.3 +79.8  92.0 *
031 2290265 ( 26.54189 +22.90000) 1.10 -1.70 105.5 +65.7  93.0 *
032 2210333 ( 32.86461 +22.10000) 1.16 -2.14 101.1 +59.9  98.0 *
033 2530093 (  9.34649 +25.30000) 1.02 -0.55 130.3 +80.1  98.0 *
034 2450207 ( 20.71517 +24.50000) 1.06 -1.31 108.4 +71.2 100.0 *
035 2613453 (345.25666 +26.10000) 1.04  1.05 251.0 +75.0 100.0 *
036 2370267 ( 26.70198 +23.70000) 1.10 -1.71 103.6 +65.9 100.0 *
037 2290326 ( 33.48946 +22.90000) 1.16 -2.19  99.0 +59.6 105.0 *
038 2533261 (326.13174 +25.30000) 1.17  2.33 266.7 +58.8 105.0 *
039 2370328 ( 32.81777 +23.70000) 1.15 -2.12  98.4 +60.8 107.0 *
040 2530155 ( 15.54062 +25.30000) 1.03 -0.97 114.0 +75.7 108.0 *
041 2610085 (  8.51867 +26.10000) 1.01 -0.50 130.0 +81.2 110.0 *
042 2610148 ( 14.75456 +26.10000) 1.03 -0.91 112.6 +76.7 113.0 *
043 2533137 (313.74349 +25.30000) 1.34  3.15 273.3 +48.3 113.0 *
044 2613390 (339.02077 +26.10000) 1.06  1.47 258.7 +69.9 113.0 *
045 2533199 (319.93762 +25.30000) 1.24  2.74 270.2 +53.5 115.0 *
046 2613328 (332.78488 +26.10000) 1.11  1.88 263.9 +64.7 115.0 *
047 2450269 ( 26.86928 +24.50000) 1.09 -1.72 101.6 +66.1 117.0 *
048 2290387 ( 38.70014 +22.90000) 1.21 -2.51  95.7 +55.6 120.0 *
049 2530217 ( 21.73474 +25.30000) 1.06 -1.38 104.9 +70.7 122.0 *
050 2613141 (314.07721 +26.10000) 1.33  3.13 274.3 +48.8 123.0 *
051 2613203 (320.31311 +26.10000) 1.23  2.71 271.3 +54.1 123.0 *
052 2370389 ( 38.93356 +23.70000) 1.21 -2.53  94.2 +55.7 124.0 *
053 2290448 ( 43.47659 +22.90000) 1.29 -2.88  92.3 +50.9 127.0 *
054 2613265 (326.54899 +26.10000) 1.16  2.30 267.9 +59.4 128.0 *
055 2610210 ( 20.99045 +26.10000) 1.05 -1.33 103.5 +71.6 130.0 *
056 2530279 ( 27.92887 +25.30000) 1.10 -1.79  98.9 +65.5 131.0 *
057 2450330 ( 33.02338 +24.50000) 1.15 -2.21  95.9 +60.0 133.0 *
058 2210454 ( 47.97477 +22.10000) 1.39 -3.22  90.6 +46.2 137.0 *
059 2370450 ( 45.04935 +23.70000) 1.30 -2.93  90.7 +50.5 140.0 *
060 2610272 ( 27.22634 +26.10000) 1.09 -1.75  97.7 +66.4 140.0 *
061 2530341 ( 34.12299 +25.30000) 1.15 -2.21  94.4 +60.3 140.0 *
062 2450392 ( 39.17749 +24.50000) 1.21 -2.54  92.7 +55.8 141.0 *
063 2450453 ( 45.33160 +24.50000) 1.30 -2.95  89.4 +50.5 151.0 *
064 2610335 ( 33.46222 +26.10000) 1.14 -2.16  93.3 +61.2 160.0 *
065 2450515 ( 51.48571 +24.50000) 1.41 -3.36  86.3 +45.3 167.0 *
066 2530403 ( 40.31712 +25.30000) 1.22 -2.62  90.8 +55.1 168.0 *
067 2450576 ( 57.20024 +24.50000) 1.55 -3.76  83.6 +40.3 174.0 *
068 2530465 ( 46.51124 +25.30000) 1.31 -3.03  87.6 +49.8 174.0 *
069 2610397 ( 39.69811 +26.10000) 1.21 -2.58  89.8 +55.9 179.0 *
070 2530527 ( 52.70537 +25.30000) 1.42 -3.44  84.7 +44.6 181.0 *
071 2530589 ( 58.89949 +25.30000) 1.58 -3.86  82.0 +39.4 185.0 *
072 2610459 ( 45.93400 +26.10000) 1.29 -2.99  86.7 +50.6 194.0 *
073 2610522 ( 52.16989 +26.10000) 1.41 -3.41  83.9 +45.3 211.0 *
074 2610584 ( 58.40578 +26.10000) 1.55 -3.82  81.2 +40.1 211.0 *
