#No  Block  (       RA       Dec) Airm HA       Az   Alt   Key Other
001 2293236 (323.55052 +22.90000) 1.02 -0.65 134.0 +77.5  20.0 *
002 2373185 (318.51254 +23.70000) 1.01 -0.31 152.2 +80.8  24.0 *
003 2373124 (312.39675 +23.70000) 1.01  0.10 189.1 +81.6  24.0 *
004 2293296 (329.62964 +22.90000) 1.04 -1.05 119.0 +73.3  27.0 *
005 2453126 (312.59574 +24.50000) 1.01  0.08 188.6 +82.5  28.0 *
006 2373246 (324.62833 +23.70000) 1.02 -0.72 128.2 +77.4  29.0 *
007 2213346 (335.49963 +22.10000) 1.08 -1.48 111.2 +68.0  30.0 *
008 2293357 (335.70876 +22.90000) 1.07 -1.46 109.6 +68.6  32.0 *
009 2213407 (338.52167 +22.10000) 1.10 -1.72 106.8 +65.0  35.0 *
010 2453249 (324.90396 +24.50000) 1.02 -0.74 124.7 +77.7  35.0 *
011 2133405 (343.08578 +21.30000) 1.15 -2.04 103.7 +60.7  36.0 *
012 2373307 (330.74411 +23.70000) 1.05 -1.13 114.7 +72.9  38.0 *
013 2453187 (318.74985 +24.50000) 1.01 -0.33 148.6 +81.4  38.0 *
014 2133465 (346.52041 +21.30000) 1.17 -2.18 102.0 +59.0  40.0 *
015 2373369 (336.85990 +23.70000) 1.08 -1.54 106.3 +68.1  44.0 *
016 2133525 (352.53098 +21.30000) 1.24 -2.58  97.5 +54.0  45.0 *
017 2453311 (331.05806 +24.50000) 1.05 -1.15 111.9 +73.1  46.0 *
018 2133577 (357.68290 +21.30000) 1.32 -2.95  93.9 +49.3  48.0 *
019 2373430 (342.97569 +23.70000) 1.12 -1.94 100.5 +63.0  54.0 *
020 2453372 (337.21217 +24.50000) 1.08 -1.56 104.0 +68.1  55.0 *
021 2130022 (  0.25885 +21.30000) 1.38 -3.19  91.9 +46.3  59.0 *
022 2373491 (349.09149 +23.70000) 1.18 -2.35  95.9 +57.9  60.0 *
023 2213579 (358.81247 +22.10000) 1.34 -3.06  91.9 +48.3  61.0 *
024 2373552 (355.20728 +23.70000) 1.26 -2.76  92.1 +52.7  61.0 *
025 2453434 (343.36629 +24.50000) 1.12 -1.97  98.5 +63.0  62.0 *
026 2373591 (359.13886 +23.70000) 1.34 -3.10  89.4 +48.4  68.0 *
027 2210031 (  5.66631 +22.10000) 1.49 -3.55  88.0 +42.1  72.0 *
028 2370022 (  0.44937 +23.70000) 1.36 -3.20  88.6 +47.1  72.0 *
029 2453495 (349.52039 +24.50000) 1.18 -2.38  94.2 +57.8  75.0 *
030 2210091 (  9.12006 +22.10000) 1.55 -3.69  87.0 +40.3  75.0 *
031 2290022 (  2.65962 +22.90000) 1.39 -3.27  89.1 +45.9  76.0 *
032 2290083 (  8.30452 +22.90000) 1.51 -3.63  86.4 +41.3  77.0 *
033 2453557 (355.67450 +24.50000) 1.26 -2.79  90.7 +52.6  78.0 *
034 2453592 (359.19113 +24.50000) 1.34 -3.12  88.1 +48.5  86.0 *
035 2450023 (  2.31783 +24.50000) 1.37 -3.23  87.3 +47.0  87.0 *
036 2450084 (  8.40695 +24.50000) 1.50 -3.64  84.4 +41.8  93.0 *
