#No  Block  (       RA       Dec) Airm HA       Az   Alt   Key Other
001 2370389 ( 38.93356 +23.70000) 1.01  0.07 186.7 +81.7  34.0 *
002 2290448 ( 43.47659 +22.90000) 1.01 -0.28 156.8 +80.2  42.0 *
003 2370450 ( 45.04935 +23.70000) 1.01 -0.34 150.4 +80.6  43.0 *
004 2450392 ( 39.17749 +24.50000) 1.01  0.05 185.7 +82.5  43.0 *
005 2450453 ( 45.33160 +24.50000) 1.01 -0.36 146.5 +81.2  45.0 *
006 2453495 (349.52039 +24.50000) 1.41  3.36 273.7 +45.3  49.0 *
007 2450330 ( 33.02338 +24.50000) 1.01  0.39 216.0 +81.0  50.0 *
008 2453557 (355.67450 +24.50000) 1.30  2.95 270.7 +50.5  51.0 *
009 2210454 ( 47.97477 +22.10000) 1.03 -0.62 137.6 +77.1  51.0 *
010 2453592 (359.19113 +24.50000) 1.23  2.63 268.0 +54.7  52.0 *
011 2450146 ( 14.56106 +24.50000) 1.09  1.70 258.0 +66.5  54.0 *
012 2450207 ( 20.71517 +24.50000) 1.05  1.29 251.1 +71.5  56.0 *
013 2450023 (  2.31783 +24.50000) 1.20  2.51 267.0 +56.2  56.0 *
014 2530279 ( 27.92887 +25.30000) 1.02  0.80 240.9 +77.5  56.0 *
015 2530403 ( 40.31712 +25.30000) 1.01 -0.02 177.5 +83.3  56.0 *
016 2530341 ( 34.12299 +25.30000) 1.01  0.39 219.2 +81.6  57.0 *
017 2610335 ( 33.46222 +26.10000) 1.01  0.44 225.9 +81.8  58.0 *
018 2450515 ( 51.48571 +24.50000) 1.02 -0.77 123.5 +77.4  58.0 *
019 2453434 (343.36629 +24.50000) 1.55  3.78 276.5 +40.1  58.0 *
020 2530093 (  9.34649 +25.30000) 1.13  2.04 263.9 +62.4  62.0 *
021 2533509 (350.90824 +25.30000) 1.37  3.27 274.1 +46.8  64.0 *
022 2530155 ( 15.54062 +25.30000) 1.08  1.63 259.0 +67.6  64.0 *
023 2533571 (357.10237 +25.30000) 1.27  2.86 271.1 +52.0  65.0 *
024 2530465 ( 46.51124 +25.30000) 1.01 -0.43 137.7 +81.2  65.0 *
025 2450576 ( 57.20024 +24.50000) 1.05 -1.16 111.6 +73.0  67.0 *
026 2610272 ( 27.22634 +26.10000) 1.02  0.85 245.5 +77.4  70.0 *
027 2530217 ( 21.73474 +25.30000) 1.05  1.22 252.0 +72.7  70.0 *
028 2610397 ( 39.69811 +26.10000) 1.01  0.02 182.6 +84.1  72.0 *
029 2530032 (  3.15237 +25.30000) 1.19  2.46 267.8 +57.1  73.0 *
030 2533447 (344.71412 +25.30000) 1.51  3.69 276.9 +41.5  74.0 *
031 2610148 ( 14.75456 +26.10000) 1.08  1.68 261.6 +67.2  75.0 *
032 2610210 ( 20.99045 +26.10000) 1.05  1.27 255.4 +72.4  76.0 *
033 2610459 ( 45.93400 +26.10000) 1.01 -0.40 137.0 +82.2  76.0 *
034 2610085 (  8.51867 +26.10000) 1.13  2.10 266.1 +62.0  79.0 *
035 2530527 ( 52.70537 +25.30000) 1.03 -0.85 117.7 +77.0  80.0 *
036 2613515 (351.49255 +26.10000) 1.36  3.23 275.0 +47.5  82.0 *
037 2613453 (345.25666 +26.10000) 1.49  3.65 277.7 +42.3  83.0 *
038 2450699 ( 72.58551 +24.50000) 1.16 -2.26  95.4 +59.3  86.0 *
039 2530589 ( 58.89949 +25.30000) 1.05 -1.26 107.1 +72.2  86.0 *
040 2613573 (357.28301 +26.10000) 1.26  2.83 272.1 +52.6  88.0 *
041 2530651 ( 65.53606 +25.30000) 1.10 -1.78  99.1 +65.7  88.0 *
042 2610522 ( 52.16989 +26.10000) 1.02 -0.81 115.8 +77.9  88.0 *
043 2610023 (  2.39574 +26.10000) 1.20  2.51 269.7 +56.8  90.0 *
044 2610584 ( 58.40578 +26.10000) 1.05 -1.23 105.3 +72.9  91.0 *
045 2610646 ( 64.64167 +26.10000) 1.08 -1.64  98.9 +67.7 108.0 *
046 2610709 ( 70.87756 +26.10000) 1.13 -2.06  94.3 +62.5 114.0 *
