#No  Block  (       RA       Dec) Airm HA       Az   Alt   Key Other
001 2450269 ( 26.86928 +24.50000) 1.01 -0.10 169.3 +82.4  43.0 *
002 2370328 ( 32.81777 +23.70000) 1.02 -0.50 139.5 +79.4  46.0 *
003 2210333 ( 32.86461 +22.10000) 1.02 -0.52 143.1 +78.0  47.0 *
004 2290326 ( 33.48946 +22.90000) 1.02 -0.57 137.7 +78.2  51.0 *
005 2450146 ( 14.56106 +24.50000) 1.02  0.72 234.5 +77.9  56.0 *
006 2450207 ( 20.71517 +24.50000) 1.01  0.31 209.7 +81.5  56.0 *
007 2453592 (359.19113 +24.50000) 1.09  1.65 257.4 +67.0  59.0 *
008 2453557 (355.67450 +24.50000) 1.12  1.98 261.6 +62.9  62.0 *
009 2290387 ( 38.70014 +22.90000) 1.03 -0.89 124.1 +75.1  62.0 *
010 2370389 ( 38.93356 +23.70000) 1.03 -0.91 121.1 +75.4  63.0 *
011 2373369 (336.85990 +23.70000) 1.37  3.23 271.6 +46.7  67.0 *
012 2450023 (  2.31783 +24.50000) 1.08  1.53 255.6 +68.5  67.0 *
013 2290448 ( 43.47659 +22.90000) 1.06 -1.26 113.8 +71.0  69.0 *
014 2530279 ( 27.92887 +25.30000) 1.01 -0.17 160.4 +83.0  69.0 *
015 2453495 (349.52039 +24.50000) 1.18  2.39 265.8 +57.7  70.0 *
016 2530217 ( 21.73474 +25.30000) 1.01  0.24 206.2 +82.6  70.0 *
017 2450330 ( 33.02338 +24.50000) 1.02 -0.59 131.6 +79.2  70.0 *
018 2530341 ( 34.12299 +25.30000) 1.02 -0.59 128.6 +79.8  71.0 *
019 2453372 (337.21217 +24.50000) 1.36  3.21 272.6 +47.3  74.0 *
020 2610272 ( 27.22634 +26.10000) 1.01 -0.13 163.7 +83.9  75.0 *
021 2370450 ( 45.04935 +23.70000) 1.06 -1.31 110.4 +70.7  77.0 *
022 2530155 ( 15.54062 +25.30000) 1.02  0.65 234.7 +79.1  77.0 *
023 2450392 ( 39.17749 +24.50000) 1.03 -0.92 118.0 +75.7  78.0 *
024 2453434 (343.36629 +24.50000) 1.26  2.80 269.4 +52.5  79.0 *
025 2453311 (331.05806 +24.50000) 1.49  3.62 275.5 +42.1  79.0 *
026 2610148 ( 14.75456 +26.10000) 1.02  0.70 240.3 +79.1  79.0 *
027 2530093 (  9.34649 +25.30000) 1.04  1.07 248.6 +74.5  80.0 *
028 2210454 ( 47.97477 +22.10000) 1.09 -1.60 108.8 +66.5  81.0 *
029 2450453 ( 45.33160 +24.50000) 1.06 -1.33 107.9 +70.9  82.0 *
030 2533447 (344.71412 +25.30000) 1.24  2.71 269.9 +53.9  82.0 *
031 2610210 ( 20.99045 +26.10000) 1.01  0.29 214.0 +83.0  82.0 *
032 2530032 (  3.15237 +25.30000) 1.07  1.48 256.7 +69.5  87.0 *
033 2610335 ( 33.46222 +26.10000) 1.01 -0.54 127.4 +80.8  88.0 *
034 2533571 (357.10237 +25.30000) 1.11  1.88 262.1 +64.4  88.0 *
035 2533323 (332.32587 +25.30000) 1.45  3.53 275.9 +43.5  88.0 *
036 2533509 (350.90824 +25.30000) 1.16  2.29 266.4 +59.2  88.0 *
037 2533385 (338.51999 +25.30000) 1.33  3.12 273.0 +48.7  90.0 *
038 2533261 (326.13174 +25.30000) 1.62  3.95 278.6 +38.2  93.0 *
039 2450515 ( 51.48571 +24.50000) 1.10 -1.74 101.3 +65.8  96.0 *
040 2610085 (  8.51867 +26.10000) 1.04  1.12 252.5 +74.2  98.0 *
041 2613515 (351.49255 +26.10000) 1.16  2.26 267.5 +60.0 100.0 *
042 2613573 (357.28301 +26.10000) 1.10  1.85 263.6 +65.1 101.0 *
043 2530403 ( 40.31712 +25.30000) 1.03 -1.00 113.1 +75.3 101.0 *
044 2613265 (326.54899 +26.10000) 1.59  3.92 279.4 +38.9 104.0 *
045 2530465 ( 46.51124 +25.30000) 1.06 -1.41 104.4 +70.3 105.0 *
046 2610023 (  2.39574 +26.10000) 1.07  1.53 259.6 +69.2 107.0 *
047 2610397 ( 39.69811 +26.10000) 1.03 -0.96 111.4 +76.2 107.0 *
048 2450576 ( 57.20024 +24.50000) 1.14 -2.14  96.6 +60.9 108.0 *
049 2613453 (345.25666 +26.10000) 1.23  2.67 270.9 +54.7 108.0 *
050 2613328 (332.78488 +26.10000) 1.44  3.50 276.7 +44.1 110.0 *
051 2610459 ( 45.93400 +26.10000) 1.06 -1.37 102.8 +71.1 111.0 *
052 2613390 (339.02077 +26.10000) 1.32  3.09 274.0 +49.4 112.0 *
053 2530527 ( 52.70537 +25.30000) 1.10 -1.83  98.5 +65.1 114.0 *
054 2530589 ( 58.89949 +25.30000) 1.16 -2.24  94.1 +59.9 126.0 *
055 2450699 ( 72.58551 +24.50000) 1.37 -3.24  87.2 +46.9 126.0 *
056 2530651 ( 65.53606 +25.30000) 1.25 -2.76  89.7 +53.3 129.0 *
057 2610522 ( 52.16989 +26.10000) 1.10 -1.79  97.1 +65.9 139.0 *
058 2610584 ( 58.40578 +26.10000) 1.15 -2.21  92.9 +60.6 141.0 *
059 2610646 ( 64.64167 +26.10000) 1.22 -2.62  89.4 +55.3 157.0 *
060 2610709 ( 70.87756 +26.10000) 1.30 -3.04  86.4 +50.0 165.0 *
