#No  Block  (       RA       Dec) Airm HA       Az   Alt   Key Other
001 2370450 ( 45.04935 +23.70000) 1.01 -0.00 179.9 +81.7  33.0 *
002 2450392 ( 39.17749 +24.50000) 1.01  0.39 216.1 +80.9  39.0 *
003 2210454 ( 47.97477 +22.10000) 1.02 -0.29 157.7 +79.4  41.0 *
004 2450453 ( 45.33160 +24.50000) 1.01 -0.02 177.9 +82.5  42.0 *
005 2450146 ( 14.56106 +24.50000) 1.13  2.03 262.2 +62.2  43.0 *
006 2450515 ( 51.48571 +24.50000) 1.01 -0.43 141.1 +80.6  43.0 *
007 2530465 ( 46.51124 +25.30000) 1.01 -0.10 168.6 +83.2  46.0 *
008 2450330 ( 33.02338 +24.50000) 1.02  0.72 234.8 +77.9  46.0 *
009 2453592 (359.19113 +24.50000) 1.30  2.96 270.7 +50.4  46.0 *
010 2450207 ( 20.71517 +24.50000) 1.08  1.62 256.9 +67.4  48.0 *
011 2450023 (  2.31783 +24.50000) 1.27  2.85 269.8 +51.9  48.0 *
012 2530403 ( 40.31712 +25.30000) 1.01  0.31 213.0 +82.2  51.0 *
013 2453557 (355.67450 +24.50000) 1.38  3.29 273.2 +46.2  52.0 *
014 2453495 (349.52039 +24.50000) 1.52  3.70 276.0 +41.0  54.0 *
015 2530217 ( 21.73474 +25.30000) 1.07  1.55 257.9 +68.5  55.0 *
016 2530341 ( 34.12299 +25.30000) 1.02  0.73 237.9 +78.3  56.0 *
017 2450576 ( 57.20024 +24.50000) 1.03 -0.83 121.3 +76.8  56.0 *
018 2530155 ( 15.54062 +25.30000) 1.12  1.97 263.1 +63.4  59.0 *
019 2530093 (  9.34649 +25.30000) 1.18  2.38 267.2 +58.1  60.0 *
020 2610397 ( 39.69811 +26.10000) 1.01  0.36 219.9 +82.5  60.0 *
021 2533509 (350.90824 +25.30000) 1.48  3.61 276.4 +42.5  61.0 *
022 2610335 ( 33.46222 +26.10000) 1.02  0.77 242.8 +78.3  61.0 *
023 2530032 (  3.15237 +25.30000) 1.25  2.79 270.6 +52.9  63.0 *
024 2530279 ( 27.92887 +25.30000) 1.04  1.14 250.4 +73.6  63.0 *
025 2533571 (357.10237 +25.30000) 1.35  3.20 273.6 +47.7  65.0 *
026 2610459 ( 45.93400 +26.10000) 1.01 -0.06 172.1 +84.1  66.0 *
027 2610148 ( 14.75456 +26.10000) 1.12  2.02 265.3 +63.0  68.0 *
028 2530527 ( 52.70537 +25.30000) 1.01 -0.51 132.8 +80.5  68.0 *
029 2530589 ( 58.89949 +25.30000) 1.03 -0.92 115.2 +76.1  70.0 *
030 2450699 ( 72.58551 +24.50000) 1.12 -1.93  99.0 +63.5  70.0 *
031 2613515 (351.49255 +26.10000) 1.46  3.57 277.2 +43.3  71.0 *
032 2613453 (345.25666 +26.10000) 1.62  3.99 279.8 +38.1  72.0 *
033 2530651 ( 65.53606 +25.30000) 1.06 -1.44 103.8 +69.9  73.0 *
034 2610210 ( 20.99045 +26.10000) 1.08  1.60 260.6 +68.2  73.0 *
035 2610272 ( 27.22634 +26.10000) 1.04  1.19 253.9 +73.4  75.0 *
036 2613573 (357.28301 +26.10000) 1.34  3.17 274.5 +48.4  76.0 *
037 2610085 (  8.51867 +26.10000) 1.18  2.43 269.1 +57.7  77.0 *
038 2610522 ( 52.16989 +26.10000) 1.01 -0.48 131.4 +81.4  78.0 *
039 2610584 ( 58.40578 +26.10000) 1.03 -0.89 113.2 +76.9  79.0 *
040 2610023 (  2.39574 +26.10000) 1.26  2.84 272.2 +52.5  82.0 *
041 2610646 ( 64.64167 +26.10000) 1.05 -1.31 103.9 +71.9  97.0 *
042 2610709 ( 70.87756 +26.10000) 1.09 -1.72  97.9 +66.7  97.0 *
