#No  Block  (       RA       Dec) Airm HA       Az   Alt   Key Other
001 2213346 (335.49963 +22.10000) 1.03 -0.62 137.7 +77.1  24.0 *
002 2293357 (335.70876 +22.90000) 1.02 -0.60 136.3 +77.9  26.0 *
003 2373246 (324.62833 +23.70000) 1.01  0.14 192.8 +81.5  26.0 *
004 2373307 (330.74411 +23.70000) 1.01 -0.27 155.4 +81.0  27.0 *
005 2133405 (343.08578 +21.30000) 1.06 -1.19 119.5 +70.9  27.0 *
006 2213407 (338.52167 +22.10000) 1.04 -0.87 127.3 +74.8  27.0 *
007 2133465 (346.52041 +21.30000) 1.07 -1.32 116.2 +69.3  32.0 *
008 2453187 (318.74985 +24.50000) 1.02  0.53 225.0 +79.8  33.0 *
009 2453249 (324.90396 +24.50000) 1.01  0.12 192.2 +82.4  35.0 *
010 2133525 (352.53098 +21.30000) 1.11 -1.72 108.4 +64.6  37.0 *
011 2373369 (336.85990 +23.70000) 1.02 -0.68 130.0 +77.8  38.0 *
012 2453311 (331.05806 +24.50000) 1.01 -0.29 151.5 +81.6  40.0 *
013 2453372 (337.21217 +24.50000) 1.02 -0.70 126.1 +78.1  40.0 *
014 2133577 (357.68290 +21.30000) 1.15 -2.10 103.0 +60.0  40.0 *
015 2373430 (342.97569 +23.70000) 1.04 -1.09 115.8 +73.4  44.0 *
016 2453126 (312.59574 +24.50000) 1.03  0.94 242.5 +75.6  46.0 *
017 2130022 (  0.25885 +21.30000) 1.19 -2.33 100.2 +57.1  52.0 *
018 2213579 (358.81247 +22.10000) 1.17 -2.20 100.3 +59.1  54.0 *
019 2373491 (349.09149 +23.70000) 1.07 -1.50 107.0 +68.6  55.0 *
020 2453434 (343.36629 +24.50000) 1.04 -1.11 112.7 +73.5  58.0 *
021 2373552 (355.20728 +23.70000) 1.12 -1.90 101.0 +63.5  61.0 *
022 2373591 (359.13886 +23.70000) 1.16 -2.24  97.0 +59.3  62.0 *
023 2210031 (  5.66631 +22.10000) 1.25 -2.69  95.2 +52.9  64.0 *
024 2453557 (355.67450 +24.50000) 1.12 -1.93  98.9 +63.5  65.0 *
025 2370022 (  0.44937 +23.70000) 1.18 -2.34  96.0 +58.0  68.0 *
026 2210091 (  9.12006 +22.10000) 1.28 -2.83  93.9 +51.2  68.0 *
027 2453495 (349.52039 +24.50000) 1.07 -1.52 104.6 +68.6  69.0 *
028 2290022 (  2.65962 +22.90000) 1.20 -2.42  96.6 +56.8  70.0 *
029 2290083 (  8.30452 +22.90000) 1.27 -2.78  93.2 +52.2  72.0 *
030 2210152 ( 15.16413 +22.10000) 1.39 -3.23  90.5 +46.1  73.0 *
031 2453592 (359.19113 +24.50000) 1.16 -2.26  95.4 +59.3  75.0 *
032 2290144 ( 13.51520 +22.90000) 1.36 -3.15  90.0 +47.4  76.0 *
033 2450023 (  2.31783 +24.50000) 1.18 -2.38  94.3 +57.9  84.0 *
034 2290205 ( 22.63388 +22.90000) 1.59 -3.81  85.2 +39.1  86.0 *
035 2370206 ( 22.33355 +23.70000) 1.56 -3.77  84.5 +39.8  89.0 *
036 2450084 (  8.40695 +24.50000) 1.26 -2.78  90.7 +52.7  89.0 *
037 2290265 ( 26.54189 +22.90000) 1.67 -3.99  83.9 +36.7  91.0 *
038 2450146 ( 14.56106 +24.50000) 1.36 -3.19  87.5 +47.5  94.0 *
039 2450207 ( 20.71517 +24.50000) 1.49 -3.60  84.6 +42.3 106.0 *
