#No  Block  (       RA       Dec) Airm HA       Az   Alt   Key Other
001 2373552 (355.20728 +23.70000) 1.01 -0.10 170.5 +81.6  45.0 *
002 2373591 (359.13886 +23.70000) 1.02 -0.44 143.2 +79.9  50.0 *
003 2370022 (  0.44937 +23.70000) 1.02 -0.54 137.0 +79.1  57.0 *
004 2453557 (355.67450 +24.50000) 1.01 -0.13 166.4 +82.3  58.0 *
005 2453495 (349.52039 +24.50000) 1.01  0.28 207.3 +81.7  58.0 *
006 2290022 (  2.65962 +22.90000) 1.02 -0.61 135.8 +77.8  59.0 *
007 2210031 (  5.66631 +22.10000) 1.04 -0.89 126.5 +74.6  59.0 *
008 2373369 (336.85990 +23.70000) 1.05  1.12 245.2 +73.0  60.0 *
009 2453592 (359.19113 +24.50000) 1.01 -0.46 139.3 +80.4  60.0 *
010 2210091 (  9.12006 +22.10000) 1.04 -1.03 121.9 +73.1  65.0 *
011 2453372 (337.21217 +24.50000) 1.04  1.10 246.9 +73.7  67.0 *
012 2373246 (324.62833 +23.70000) 1.12  1.94 259.5 +63.1  69.0 *
013 2453311 (331.05806 +24.50000) 1.07  1.51 255.2 +68.8  70.0 *
014 2290083 (  8.30452 +22.90000) 1.04 -0.97 121.4 +74.2  70.0 *
015 2533447 (344.71412 +25.30000) 1.02  0.60 232.1 +79.7  71.0 *
016 2453434 (343.36629 +24.50000) 1.02  0.69 233.2 +78.2  71.0 *
017 2533571 (357.10237 +25.30000) 1.01 -0.23 155.0 +82.7  72.0 *
018 2453249 (324.90396 +24.50000) 1.12  1.92 260.9 +63.6  75.0 *
019 2533509 (350.90824 +25.30000) 1.01  0.19 200.9 +82.9  75.0 *
020 2290144 ( 13.51520 +22.90000) 1.06 -1.35 111.7 +69.9  77.0 *
021 2210152 ( 15.16413 +22.10000) 1.07 -1.43 112.0 +68.5  77.0 *
022 2450023 (  2.31783 +24.50000) 1.02 -0.57 132.4 +79.4  80.0 *
023 2450084 (  8.40695 +24.50000) 1.03 -0.98 116.3 +75.1  82.0 *
024 2533385 (338.51999 +25.30000) 1.03  1.01 247.3 +75.1  84.0 *
025 2453187 (318.74985 +24.50000) 1.17  2.33 265.3 +58.5  86.0 *
026 2533323 (332.32587 +25.30000) 1.06  1.43 255.9 +70.1  86.0 *
027 2613515 (351.49255 +26.10000) 1.01  0.15 198.8 +83.8  87.0 *
028 2613453 (345.25666 +26.10000) 1.01  0.56 233.7 +80.6  89.0 *
029 2613390 (339.02077 +26.10000) 1.03  0.98 249.2 +75.9  94.0 *
030 2453126 (312.59574 +24.50000) 1.25  2.74 268.9 +53.2  94.0 *
031 2530032 (  3.15237 +25.30000) 1.02 -0.63 126.4 +79.4  94.0 *
032 2613573 (357.28301 +26.10000) 1.01 -0.25 149.4 +83.3  96.0 *
033 2613328 (332.78488 +26.10000) 1.06  1.39 257.6 +70.8  97.0 *
034 2533261 (326.13174 +25.30000) 1.10  1.84 261.6 +65.0  99.0 *
035 2290205 ( 22.63388 +22.90000) 1.13 -2.01 101.2 +61.9  99.0 *
036 2533137 (313.74349 +25.30000) 1.23  2.66 269.6 +54.5 104.0 *
037 2610023 (  2.39574 +26.10000) 1.01 -0.58 125.4 +80.4 105.0 *
038 2370206 ( 22.33355 +23.70000) 1.13 -1.97 100.1 +62.7 105.0 *
039 2450146 ( 14.56106 +24.50000) 1.06 -1.39 106.9 +70.2 106.0 *
040 2533199 (319.93762 +25.30000) 1.16  2.25 266.0 +59.8 108.0 *
041 2613265 (326.54899 +26.10000) 1.10  1.81 263.1 +65.6 108.0 *
042 2290265 ( 26.54189 +22.90000) 1.16 -2.19  99.0 +59.6 108.0 *
043 2613141 (314.07721 +26.10000) 1.22  2.64 270.7 +55.1 114.0 *
044 2530093 (  9.34649 +25.30000) 1.04 -1.04 111.9 +74.8 115.0 *
045 2370267 ( 26.70198 +23.70000) 1.16 -2.20  97.5 +59.8 115.0 *
046 2210333 ( 32.86461 +22.10000) 1.24 -2.63  95.8 +53.8 115.0 *
047 2450207 ( 20.71517 +24.50000) 1.10 -1.80 100.6 +65.1 117.0 *
048 2613203 (320.31311 +26.10000) 1.15  2.23 267.3 +60.3 121.0 *
049 2290326 ( 33.48946 +22.90000) 1.25 -2.68  94.0 +53.4 125.0 *
050 2610085 (  8.51867 +26.10000) 1.03 -0.99 110.6 +75.8 129.0 *
051 2370328 ( 32.81777 +23.70000) 1.23 -2.61  93.5 +54.6 129.0 *
052 2530155 ( 15.54062 +25.30000) 1.07 -1.46 103.6 +69.8 130.0 *
053 2610148 ( 14.75456 +26.10000) 1.06 -1.40 102.3 +70.7 132.0 *
054 2290387 ( 38.70014 +22.90000) 1.32 -3.00  91.3 +49.3 135.0 *
055 2450269 ( 26.86928 +24.50000) 1.16 -2.21  95.9 +60.0 136.0 *
056 2290448 ( 43.47659 +22.90000) 1.42 -3.36  88.4 +44.7 137.0 *
057 2450330 ( 33.02338 +24.50000) 1.24 -2.70  91.4 +53.8 141.0 *
058 2530217 ( 21.73474 +25.30000) 1.11 -1.87  98.0 +64.6 143.0 *
059 2370389 ( 38.93356 +23.70000) 1.32 -3.02  90.0 +49.5 143.0 *
060 2210454 ( 47.97477 +22.10000) 1.56 -3.71  86.8 +40.0 146.0 *
061 2450392 ( 39.17749 +24.50000) 1.31 -3.03  88.8 +49.5 150.0 *
062 2530279 ( 27.92887 +25.30000) 1.16 -2.28  93.7 +59.4 151.0 *
063 2610210 ( 20.99045 +26.10000) 1.10 -1.82  96.8 +65.5 153.0 *
064 2370450 ( 45.04935 +23.70000) 1.43 -3.42  86.9 +44.3 155.0 *
065 2530341 ( 34.12299 +25.30000) 1.23 -2.69  90.2 +54.1 158.0 *
066 2610272 ( 27.22634 +26.10000) 1.15 -2.23  92.7 +60.2 165.0 *
067 2450453 ( 45.33160 +24.50000) 1.43 -3.44  85.8 +44.3 167.0 *
068 2530403 ( 40.31712 +25.30000) 1.33 -3.11  87.0 +48.9 171.0 *
069 2610335 ( 33.46222 +26.10000) 1.22 -2.65  89.2 +54.9 178.0 *
070 2450515 ( 51.48571 +24.50000) 1.58 -3.85  83.0 +39.1 185.0 *
071 2530465 ( 46.51124 +25.30000) 1.45 -3.52  84.2 +43.6 186.0 *
072 2610397 ( 39.69811 +26.10000) 1.31 -3.07  86.2 +49.7 195.0 *
073 2530527 ( 52.70537 +25.30000) 1.61 -3.93  81.5 +38.4 199.0 *
074 2610522 ( 52.16989 +26.10000) 1.58 -3.90  80.7 +39.1 204.0 *
075 2610459 ( 45.93400 +26.10000) 1.43 -3.48  83.4 +44.4 209.0 *
