#No  Block  (       RA       Dec) Airm HA       Az   Alt   Key Other
001 2373591 (359.13886 +23.70000) 1.01 -0.22 159.3 +81.2  48.0 *
002 2453557 (355.67450 +24.50000) 1.01  0.08 188.6 +82.5  50.0 *
003 2370022 (  0.44937 +23.70000) 1.01 -0.33 151.1 +80.7  53.0 *
004 2210031 (  5.66631 +22.10000) 1.03 -0.68 135.1 +76.7  54.0 *
005 2290022 (  2.65962 +22.90000) 1.02 -0.40 148.2 +79.5  55.0 *
006 2453592 (359.19113 +24.50000) 1.01 -0.24 155.8 +81.9  58.0 *
007 2210091 (  9.12006 +22.10000) 1.03 -0.81 129.3 +75.3  58.0 *
008 2453495 (349.52039 +24.50000) 1.02  0.49 222.9 +80.1  60.0 *
009 2373369 (336.85990 +23.70000) 1.06  1.34 250.0 +70.5  62.0 *
010 2290083 (  8.30452 +22.90000) 1.03 -0.76 129.1 +76.4  62.0 *
011 2453372 (337.21217 +24.50000) 1.06  1.31 251.7 +71.1  65.0 *
012 2290144 ( 13.51520 +22.90000) 1.05 -1.14 116.7 +72.4  71.0 *
013 2210152 ( 15.16413 +22.10000) 1.06 -1.22 116.8 +71.0  72.0 *
014 2453434 (343.36629 +24.50000) 1.03  0.90 241.4 +75.9  73.0 *
015 2373246 (324.62833 +23.70000) 1.15  2.15 262.0 +60.4  74.0 *
016 2533447 (344.71412 +25.30000) 1.02  0.81 241.2 +77.4  74.0 *
017 2450023 (  2.31783 +24.50000) 1.01 -0.36 146.1 +81.2  77.0 *
018 2533571 (357.10237 +25.30000) 1.01 -0.01 178.5 +83.3  79.0 *
019 2453249 (324.90396 +24.50000) 1.14  2.13 263.3 +60.9  80.0 *
020 2533509 (350.90824 +25.30000) 1.01  0.40 219.8 +81.5  80.0 *
021 2450084 (  8.40695 +24.50000) 1.02 -0.77 123.5 +77.4  80.0 *
022 2453311 (331.05806 +24.50000) 1.09  1.72 258.4 +66.1  84.0 *
023 2613515 (351.49255 +26.10000) 1.01  0.36 220.3 +82.5  86.0 *
024 2533385 (338.51999 +25.30000) 1.05  1.23 252.2 +72.6  86.0 *
025 2453126 (312.59574 +24.50000) 1.30  2.95 270.7 +50.5  86.0 *
026 2453187 (318.74985 +24.50000) 1.21  2.54 267.3 +55.7  87.0 *
027 2533323 (332.32587 +25.30000) 1.08  1.64 259.1 +67.5  88.0 *
028 2530032 (  3.15237 +25.30000) 1.01 -0.42 139.0 +81.4  91.0 *
029 2613573 (357.28301 +26.10000) 1.01 -0.04 174.7 +84.1  92.0 *
030 2290205 ( 22.63388 +22.90000) 1.11 -1.79 104.1 +64.6  93.0 *
031 2450146 ( 14.56106 +24.50000) 1.05 -1.18 111.2 +72.8  95.0 *
032 2370206 ( 22.33355 +23.70000) 1.10 -1.76 102.9 +65.4  97.0 *
033 2613453 (345.25666 +26.10000) 1.02  0.78 243.0 +78.3  97.0 *
034 2610023 (  2.39574 +26.10000) 1.01 -0.37 139.3 +82.4  99.0 *
035 2290265 ( 26.54189 +22.90000) 1.13 -1.98 101.6 +62.3 102.0 *
036 2533199 (319.93762 +25.30000) 1.19  2.46 267.9 +57.0 104.0 *
037 2530093 (  9.34649 +25.30000) 1.03 -0.83 118.3 +77.2 105.0 *
038 2613390 (339.02077 +26.10000) 1.04  1.19 254.0 +73.3 107.0 *
039 2533261 (326.13174 +25.30000) 1.13  2.05 264.0 +62.3 108.0 *
040 2210333 ( 32.86461 +22.10000) 1.20 -2.41  98.0 +56.5 111.0 *
041 2613203 (320.31311 +26.10000) 1.18  2.44 269.1 +57.6 112.0 *
042 2450207 ( 20.71517 +24.50000) 1.08 -1.59 103.6 +67.8 112.0 *
043 2370267 ( 26.70198 +23.70000) 1.13 -1.99  99.9 +62.5 112.0 *
044 2610085 (  8.51867 +26.10000) 1.02 -0.77 117.1 +78.3 112.0 *
045 2613328 (332.78488 +26.10000) 1.08  1.61 260.6 +68.2 113.0 *
046 2613265 (326.54899 +26.10000) 1.12  2.02 265.4 +62.9 115.0 *
047 2533137 (313.74349 +25.30000) 1.27  2.88 271.3 +51.8 118.0 *
048 2530155 ( 15.54062 +25.30000) 1.05 -1.24 107.5 +72.4 118.0 *
049 2613141 (314.07721 +26.10000) 1.26  2.86 272.3 +52.3 119.0 *
050 2290326 ( 33.48946 +22.90000) 1.21 -2.47  96.1 +56.1 120.0 *
051 2370328 ( 32.81777 +23.70000) 1.19 -2.39  95.5 +57.4 120.0 *
052 2610148 ( 14.75456 +26.10000) 1.04 -1.19 106.1 +73.4 123.0 *
053 2530217 ( 21.73474 +25.30000) 1.08 -1.65 100.7 +67.3 128.0 *
054 2450269 ( 26.86928 +24.50000) 1.13 -2.00  98.2 +62.7 129.0 *
055 2290387 ( 38.70014 +22.90000) 1.27 -2.79  93.1 +52.1 132.0 *
056 2290448 ( 43.47659 +22.90000) 1.36 -3.15  90.1 +47.4 135.0 *
057 2370389 ( 38.93356 +23.70000) 1.27 -2.80  91.8 +52.2 139.0 *
058 2530279 ( 27.92887 +25.30000) 1.13 -2.07  95.8 +62.1 143.0 *
059 2210454 ( 47.97477 +22.10000) 1.47 -3.50  88.4 +42.7 144.0 *
060 2450330 ( 33.02338 +24.50000) 1.20 -2.48  93.3 +56.5 145.0 *
061 2610210 ( 20.99045 +26.10000) 1.08 -1.61  99.4 +68.2 149.0 *
062 2370450 ( 45.04935 +23.70000) 1.37 -3.21  88.5 +47.0 151.0 *
063 2530341 ( 34.12299 +25.30000) 1.19 -2.48  91.9 +56.8 151.0 *
064 2450392 ( 39.17749 +24.50000) 1.26 -2.82  90.4 +52.3 153.0 *
065 2450453 ( 45.33160 +24.50000) 1.37 -3.23  87.3 +47.0 159.0 *
066 2610272 ( 27.22634 +26.10000) 1.12 -2.02  94.7 +62.9 162.0 *
067 2610335 ( 33.46222 +26.10000) 1.18 -2.44  90.9 +57.7 174.0 *
068 2450515 ( 51.48571 +24.50000) 1.50 -3.64  84.4 +41.8 177.0 *
069 2610397 ( 39.69811 +26.10000) 1.26 -2.85  87.7 +52.4 177.0 *
070 2530403 ( 40.31712 +25.30000) 1.28 -2.89  88.6 +51.6 178.0 *
071 2530465 ( 46.51124 +25.30000) 1.38 -3.31  85.6 +46.3 182.0 *
072 2530527 ( 52.70537 +25.30000) 1.52 -3.72  82.9 +41.1 188.0 *
073 2610522 ( 52.16989 +26.10000) 1.50 -3.68  82.1 +41.8 204.0 *
074 2610459 ( 45.93400 +26.10000) 1.37 -3.27  84.8 +47.1 206.0 *
