#No  Block  (       RA       Dec) Airm HA       Az   Alt   Key Other
001 2290326 ( 33.48946 +22.90000) 1.01  0.04 183.2 +80.9  38.0 *
002 2450330 ( 33.02338 +24.50000) 1.01  0.02 182.3 +82.5  40.0 *
003 2290387 ( 38.70014 +22.90000) 1.01 -0.28 156.6 +80.2  44.0 *
004 2370389 ( 38.93356 +23.70000) 1.01 -0.30 153.5 +80.9  46.0 *
005 2290448 ( 43.47659 +22.90000) 1.02 -0.64 134.2 +77.5  52.0 *
006 2370450 ( 45.04935 +23.70000) 1.02 -0.70 128.9 +77.6  54.0 *
007 2530341 ( 34.12299 +25.30000) 1.01  0.02 182.9 +83.3  55.0 *
008 2450392 ( 39.17749 +24.50000) 1.01 -0.31 149.9 +81.5  56.0 *
009 2373369 (336.85990 +23.70000) 1.59  3.84 276.0 +38.9  57.0 *
010 2450207 ( 20.71517 +24.50000) 1.03  0.92 241.9 +75.8  59.0 *
011 2453495 (349.52039 +24.50000) 1.31  3.00 271.0 +50.0  59.0 *
012 2530279 ( 27.92887 +25.30000) 1.01  0.44 222.5 +81.2  59.0 *
013 2450453 ( 45.33160 +24.50000) 1.02 -0.72 125.3 +77.9  59.0 *
014 2450146 ( 14.56106 +24.50000) 1.06  1.33 252.0 +71.0  60.0 *
015 2453557 (355.67450 +24.50000) 1.22  2.59 267.6 +55.2  60.0 *
016 2210454 ( 47.97477 +22.10000) 1.04 -0.99 123.1 +73.5  60.0 *
017 2453592 (359.19113 +24.50000) 1.16  2.26 264.6 +59.3  61.0 *
018 2453372 (337.21217 +24.50000) 1.57  3.82 276.8 +39.6  62.0 *
019 2610335 ( 33.46222 +26.10000) 1.01  0.07 189.0 +84.1  64.0 *
020 2450023 (  2.31783 +24.50000) 1.15  2.15 263.4 +60.8  66.0 *
021 2453434 (343.36629 +24.50000) 1.42  3.41 274.0 +44.7  71.0 *
022 2530403 ( 40.31712 +25.30000) 1.01 -0.39 141.1 +81.6  71.0 *
023 2530217 ( 21.73474 +25.30000) 1.03  0.85 242.5 +77.0  71.0 *
024 2533509 (350.90824 +25.30000) 1.28  2.91 271.5 +51.4  73.0 *
025 2530155 ( 15.54062 +25.30000) 1.05  1.26 253.0 +72.1  73.0 *
026 2533447 (344.71412 +25.30000) 1.39  3.32 274.4 +46.2  74.0 *
027 2533385 (338.51999 +25.30000) 1.53  3.73 277.2 +41.0  75.0 *
028 2450515 ( 51.48571 +24.50000) 1.04 -1.13 112.2 +73.3  76.0 *
029 2530093 (  9.34649 +25.30000) 1.09  1.68 259.6 +67.0  77.0 *
030 2610272 ( 27.22634 +26.10000) 1.01  0.48 229.1 +81.4  80.0 *
031 2530032 (  3.15237 +25.30000) 1.13  2.09 264.4 +61.8  81.0 *
032 2530465 ( 46.51124 +25.30000) 1.02 -0.80 119.3 +77.5  82.0 *
033 2610210 ( 20.99045 +26.10000) 1.03  0.90 247.0 +76.8  83.0 *
034 2610148 ( 14.75456 +26.10000) 1.05  1.32 256.3 +71.8  83.0 *
035 2533571 (357.10237 +25.30000) 1.20  2.49 268.2 +56.7  84.0 *
036 2450576 ( 57.20024 +24.50000) 1.07 -1.53 104.5 +68.5  86.0 *
037 2613573 (357.28301 +26.10000) 1.19  2.47 269.3 +57.3  86.0 *
038 2610397 ( 39.69811 +26.10000) 1.01 -0.35 140.9 +82.6  86.0 *
039 2613453 (345.25666 +26.10000) 1.37  3.28 275.3 +46.9  91.0 *
040 2610085 (  8.51867 +26.10000) 1.09  1.73 262.2 +66.6  92.0 *
041 2610459 ( 45.93400 +26.10000) 1.02 -0.76 117.5 +78.4  92.0 *
042 2530527 ( 52.70537 +25.30000) 1.05 -1.21 108.0 +72.7  93.0 *
043 2613390 (339.02077 +26.10000) 1.50  3.70 278.0 +41.7  95.0 *
044 2610023 (  2.39574 +26.10000) 1.14  2.14 266.5 +61.4  95.0 *
045 2613515 (351.49255 +26.10000) 1.27  2.87 272.4 +52.2  97.0 *
046 2530651 ( 65.53606 +25.30000) 1.14 -2.15  95.0 +61.1 104.0 *
047 2450699 ( 72.58551 +24.50000) 1.23 -2.63  92.0 +54.6 106.0 *
048 2530589 ( 58.89949 +25.30000) 1.08 -1.63 101.1 +67.6 110.0 *
049 2610584 ( 58.40578 +26.10000) 1.08 -1.59  99.6 +68.3 111.0 *
050 2610522 ( 52.16989 +26.10000) 1.04 -1.18 106.3 +73.5 114.0 *
051 2610646 ( 64.64167 +26.10000) 1.12 -2.01  94.8 +63.1 120.0 *
052 2610709 ( 70.87756 +26.10000) 1.18 -2.43  91.0 +57.8 135.0 *
