#No  Block  (       RA       Dec) Airm HA       Az   Alt   Key Other
001 2210091 (  9.12006 +22.10000) 1.02 -0.51 143.6 +78.0  46.0 *
002 2290083 (  8.30452 +22.90000) 1.02 -0.45 144.7 +79.1  51.0 *
003 2453557 (355.67450 +24.50000) 1.01  0.39 215.9 +81.0  53.0 *
004 2453495 (349.52039 +24.50000) 1.03  0.80 237.7 +77.1  54.0 *
005 2453592 (359.19113 +24.50000) 1.01  0.06 186.5 +82.5  55.0 *
006 2450023 (  2.31783 +24.50000) 1.01 -0.05 174.2 +82.5  59.0 *
007 2290144 ( 13.51520 +22.90000) 1.03 -0.83 126.2 +75.7  60.0 *
008 2210152 ( 15.16413 +22.10000) 1.04 -0.91 125.7 +74.4  60.0 *
009 2373369 (336.85990 +23.70000) 1.09  1.64 255.4 +66.8  61.0 *
010 2450084 (  8.40695 +24.50000) 1.01 -0.46 139.1 +80.4  61.0 *
011 2453372 (337.21217 +24.50000) 1.08  1.62 256.9 +67.4  66.0 *
012 2373246 (324.62833 +23.70000) 1.20  2.46 265.1 +56.5  67.0 *
013 2453434 (343.36629 +24.50000) 1.05  1.21 249.5 +72.4  67.0 *
014 2453249 (324.90396 +24.50000) 1.19  2.44 266.3 +57.1  73.0 *
015 2530032 (  3.15237 +25.30000) 1.01 -0.11 167.3 +83.2  76.0 *
016 2290205 ( 22.63388 +22.90000) 1.08 -1.49 109.1 +68.3  78.0 *
017 2533571 (357.10237 +25.30000) 1.01  0.29 211.2 +82.3  78.0 *
018 2450146 ( 14.56106 +24.50000) 1.03 -0.87 119.7 +76.3  79.0 *
019 2453187 (318.74985 +24.50000) 1.27  2.85 269.8 +51.9  79.0 *
020 2370206 ( 22.33355 +23.70000) 1.07 -1.45 107.8 +69.1  81.0 *
021 2533447 (344.71412 +25.30000) 1.04  1.12 249.9 +73.9  81.0 *
022 2533385 (338.51999 +25.30000) 1.07  1.53 257.5 +68.8  82.0 *
023 2453311 (331.05806 +24.50000) 1.13  2.03 262.2 +62.3  83.0 *
024 2533509 (350.90824 +25.30000) 1.02  0.71 237.0 +78.6  85.0 *
025 2610023 (  2.39574 +26.10000) 1.01 -0.06 172.1 +84.1  85.0 *
026 2290265 ( 26.54189 +22.90000) 1.09 -1.67 106.0 +66.1  88.0 *
027 2613515 (351.49255 +26.10000) 1.02  0.67 238.7 +79.5  91.0 *
028 2453126 (312.59574 +24.50000) 1.38  3.26 272.9 +46.6  91.0 *
029 2533323 (332.32587 +25.30000) 1.12  1.94 262.9 +63.6  92.0 *
030 2530093 (  9.34649 +25.30000) 1.01 -0.52 132.1 +80.4  95.0 *
031 2370267 ( 26.70198 +23.70000) 1.09 -1.68 104.0 +66.3  95.0 *
032 2210333 ( 32.86461 +22.10000) 1.15 -2.11 101.5 +60.3  96.0 *
033 2613573 (357.28301 +26.10000) 1.01  0.27 211.7 +83.2  98.0 *
034 2613453 (345.25666 +26.10000) 1.04  1.08 251.7 +74.7  98.0 *
035 2450207 ( 20.71517 +24.50000) 1.05 -1.28 109.0 +71.5  99.0 *
036 2290326 ( 33.48946 +22.90000) 1.16 -2.16  99.3 +59.9 102.0 *
037 2533261 (326.13174 +25.30000) 1.17  2.36 267.0 +58.4 102.0 *
038 2530155 ( 15.54062 +25.30000) 1.03 -0.94 114.9 +76.0 104.0 *
039 2370328 ( 32.81777 +23.70000) 1.14 -2.09  98.7 +61.2 105.0 *
040 2610085 (  8.51867 +26.10000) 1.01 -0.47 131.9 +81.5 107.0 *
041 2613390 (339.02077 +26.10000) 1.07  1.50 259.1 +69.5 110.0 *
042 2610148 ( 14.75456 +26.10000) 1.03 -0.88 113.5 +77.0 110.0 *
043 2533137 (313.74349 +25.30000) 1.35  3.18 273.5 +47.9 111.0 *
044 2450269 ( 26.86928 +24.50000) 1.09 -1.69 102.1 +66.5 112.0 *
045 2533199 (319.93762 +25.30000) 1.25  2.77 270.4 +53.1 114.0 *
046 2613328 (332.78488 +26.10000) 1.11  1.91 264.2 +64.3 115.0 *
047 2613265 (326.54899 +26.10000) 1.17  2.33 268.2 +59.0 116.0 *
048 2530217 ( 21.73474 +25.30000) 1.06 -1.35 105.4 +71.1 118.0 *
049 2290387 ( 38.70014 +22.90000) 1.21 -2.48  96.0 +55.9 118.0 *
050 2613141 (314.07721 +26.10000) 1.34  3.16 274.5 +48.5 121.0 *
051 2370389 ( 38.93356 +23.70000) 1.21 -2.50  94.5 +56.1 122.0 *
052 2530279 ( 27.92887 +25.30000) 1.10 -1.76  99.3 +65.9 123.0 *
053 2290448 ( 43.47659 +22.90000) 1.28 -2.84  92.6 +51.3 125.0 *
054 2610210 ( 20.99045 +26.10000) 1.05 -1.30 104.0 +72.0 126.0 *
055 2613203 (320.31311 +26.10000) 1.24  2.75 271.5 +53.7 130.0 *
056 2450330 ( 33.02338 +24.50000) 1.15 -2.18  96.2 +60.4 134.0 *
057 2610272 ( 27.22634 +26.10000) 1.09 -1.72  98.0 +66.8 134.0 *
058 2210454 ( 47.97477 +22.10000) 1.38 -3.19  90.8 +46.6 135.0 *
059 2530341 ( 34.12299 +25.30000) 1.15 -2.18  94.7 +60.7 137.0 *
060 2370450 ( 45.04935 +23.70000) 1.29 -2.90  90.9 +50.9 140.0 *
061 2450392 ( 39.17749 +24.50000) 1.20 -2.51  93.0 +56.2 142.0 *
062 2450453 ( 45.33160 +24.50000) 1.29 -2.92  89.6 +50.9 147.0 *
063 2610335 ( 33.46222 +26.10000) 1.14 -2.13  93.6 +61.6 163.0 *
064 2450515 ( 51.48571 +24.50000) 1.40 -3.33  86.5 +45.7 164.0 *
065 2530403 ( 40.31712 +25.30000) 1.21 -2.59  91.0 +55.5 164.0 *
066 2450576 ( 57.20024 +24.50000) 1.53 -3.73  83.8 +40.7 171.0 *
067 2530465 ( 46.51124 +25.30000) 1.30 -3.00  87.8 +50.2 171.0 *
068 2610397 ( 39.69811 +26.10000) 1.20 -2.55  90.0 +56.3 174.0 *
069 2530527 ( 52.70537 +25.30000) 1.41 -3.41  84.9 +45.0 178.0 *
070 2530589 ( 58.89949 +25.30000) 1.56 -3.83  82.2 +39.7 181.0 *
071 2610459 ( 45.93400 +26.10000) 1.29 -2.96  86.9 +51.0 190.0 *
072 2610522 ( 52.16989 +26.10000) 1.40 -3.38  84.1 +45.7 200.0 *
073 2610584 ( 58.40578 +26.10000) 1.54 -3.79  81.4 +40.5 205.0 *
