#No  Block  (       RA       Dec) Airm HA       Az   Alt   Key Other
001 2450576 ( 57.20024 +24.50000) 1.01 -0.15 164.2 +82.3  60.0 *
002 2450146 ( 14.56106 +24.50000) 1.24  2.70 268.6 +53.7  66.0 *
003 2450023 (  2.31783 +24.50000) 1.46  3.52 274.8 +43.3  68.0 *
004 2450392 ( 39.17749 +24.50000) 1.04  1.06 246.0 +74.1  68.0 *
005 2530527 ( 52.70537 +25.30000) 1.01  0.16 198.2 +83.0  71.0 *
006 2450207 ( 20.71517 +24.50000) 1.17  2.29 264.9 +58.9  71.0 *
007 2530589 ( 58.89949 +25.30000) 1.01 -0.25 152.6 +82.6  71.0 *
008 2453592 (359.19113 +24.50000) 1.50  3.64 275.6 +41.9  72.0 *
009 2453557 (355.67450 +24.50000) 1.63  3.96 277.8 +37.7  73.0 *
010 2530465 ( 46.51124 +25.30000) 1.02  0.57 230.8 +79.9  73.0 *
011 2610522 ( 52.16989 +26.10000) 1.01  0.20 204.5 +83.6  76.0 *
012 2533571 (357.10237 +25.30000) 1.58  3.87 278.1 +39.2  78.0 *
013 2450330 ( 33.02338 +24.50000) 1.06  1.40 253.2 +70.1  78.0 *
014 2610584 ( 58.40578 +26.10000) 1.01 -0.22 153.1 +83.5  79.0 *
015 2530403 ( 40.31712 +25.30000) 1.03  0.99 246.6 +75.4  81.0 *
016 2530032 (  3.15237 +25.30000) 1.43  3.46 275.4 +44.3  81.0 *
017 2530279 ( 27.92887 +25.30000) 1.10  1.81 261.3 +65.3  83.0 *
018 2530155 ( 15.54062 +25.30000) 1.22  2.64 269.4 +54.8  85.0 *
019 2530651 ( 65.53606 +25.30000) 1.02 -0.77 120.4 +77.9  86.0 *
020 2530093 (  9.34649 +25.30000) 1.31  3.05 272.5 +49.6  87.0 *
021 2530341 ( 34.12299 +25.30000) 1.06  1.40 255.4 +70.4  87.0 *
022 2530217 ( 21.73474 +25.30000) 1.15  2.23 265.7 +60.1  87.0 *
023 2610397 ( 39.69811 +26.10000) 1.03  1.03 250.4 +75.3  89.0 *
024 2610335 ( 33.46222 +26.10000) 1.06  1.44 258.3 +70.2  89.0 *
025 2610459 ( 45.93400 +26.10000) 1.02  0.61 236.2 +80.1  89.0 *
026 2610210 ( 20.99045 +26.10000) 1.16  2.28 267.7 +59.7  91.0 *
027 2610148 ( 14.75456 +26.10000) 1.23  2.69 271.1 +54.4  93.0 *
028 2610085 (  8.51867 +26.10000) 1.32  3.11 274.1 +49.1  94.0 *
029 2690463 ( 46.25490 +26.90000) 1.01  0.59 239.0 +80.8  95.0 *
030 2610272 ( 27.22634 +26.10000) 1.10  1.86 263.6 +65.0  96.0 *
031 2690588 ( 58.81380 +26.90000) 1.01 -0.25 146.6 +84.0  97.0 *
032 2610023 (  2.39574 +26.10000) 1.44  3.51 276.8 +44.0  97.0 *
033 2450699 ( 72.58551 +24.50000) 1.05 -1.26 109.5 +71.8  97.0 *
034 2690400 ( 39.97544 +26.90000) 1.03  1.01 252.9 +75.9  98.0 *
035 2613573 (357.28301 +26.10000) 1.56  3.84 278.9 +39.9  99.0 *
036 2690651 ( 63.29913 +26.90000) 1.01 -0.61 120.3 +80.6 101.0 *
037 2693575 (357.53632 +26.90000) 1.54  3.81 279.7 +40.6 101.0 *
038 2770466 ( 46.58945 +27.70000) 1.01  0.57 242.3 +81.5 102.0 *
039 2690337 ( 33.69599 +26.90000) 1.06  1.43 260.3 +70.7 102.0 *
040 2690023 (  2.38730 +26.90000) 1.43  3.52 277.9 +44.2 102.0 *
041 2610646 ( 64.64167 +26.10000) 1.02 -0.63 122.7 +79.8 104.0 *
042 2690149 ( 14.85763 +26.90000) 1.22  2.68 272.4 +54.8 106.0 *
043 2690274 ( 27.41654 +26.90000) 1.10  1.85 265.3 +65.4 107.0 *
044 2610709 ( 70.87756 +26.10000) 1.04 -1.05 109.0 +75.0 108.0 *
045 2690211 ( 21.13708 +26.90000) 1.15  2.27 269.1 +60.1 108.0 *
046 2690086 (  8.57818 +26.90000) 1.32  3.10 275.2 +49.5 110.0 *
047 2770403 ( 40.26458 +27.70000) 1.03  0.99 255.5 +76.4 110.0 *
048 2770213 ( 21.28997 +27.70000) 1.15  2.26 270.6 +60.5 111.0 *
049 2770339 ( 33.93971 +27.70000) 1.06  1.41 262.4 +71.2 112.0 *
050 2770023 (  2.38930 +27.70000) 1.43  3.52 278.9 +44.5 114.0 *
051 2770150 ( 14.96510 +27.70000) 1.22  2.68 273.6 +55.1 116.0 *
052 2770086 (  8.64022 +27.70000) 1.31  3.10 276.4 +49.8 117.0 *
053 2770656 ( 65.56406 +27.70000) 1.02 -0.70 112.5 +80.0 118.0 *
054 2770276 ( 27.61484 +27.70000) 1.10  1.83 267.0 +65.8 118.0 *
055 2850469 ( 46.93810 +28.50000) 1.01  0.55 246.0 +82.1 118.0 *
056 2773583 (358.31521 +27.70000) 1.50  3.73 280.2 +41.9 119.0 *
057 2850406 ( 40.56589 +28.50000) 1.03  0.97 258.4 +77.0 121.0 *
058 2850023 (  2.40191 +28.50000) 1.42  3.51 280.0 +44.8 121.0 *
059 2850278 ( 27.82149 +28.50000) 1.09  1.82 268.8 +66.2 123.0 *
060 2850342 ( 34.19369 +28.50000) 1.05  1.40 264.6 +71.6 126.0 *
061 2850151 ( 15.07709 +28.50000) 1.21  2.67 274.9 +55.4 128.0 *
062 2853587 (358.72086 +28.50000) 1.48  3.68 281.0 +42.7 129.0 *
063 2850214 ( 21.44929 +28.50000) 1.15  2.24 272.1 +60.8 130.0 *
064 2850087 (  8.70488 +28.50000) 1.30  3.09 277.5 +50.1 131.0 *
065 2850661 ( 66.05471 +28.50000) 1.02 -0.73 107.3 +79.9 135.0 *
066 2770714 ( 69.17827 +27.70000) 1.03 -1.03 103.7 +76.0 136.0 *
067 2850711 ( 71.06144 +28.50000) 1.03 -1.11  99.2 +75.2 144.0 *
