#No  Block  (       RA       Dec) Airm HA       Az   Alt   Key Other
001 2290326 ( 33.48946 +22.90000) 1.01 -0.18 164.8 +80.6  39.0 *
002 2370328 ( 32.81777 +23.70000) 1.01 -0.10 170.3 +81.6  39.0 *
003 2290387 ( 38.70014 +22.90000) 1.02 -0.49 142.2 +78.8  50.0 *
004 2450146 ( 14.56106 +24.50000) 1.04  1.12 247.3 +73.5  51.0 *
005 2370389 ( 38.93356 +23.70000) 1.02 -0.51 138.8 +79.3  51.0 *
006 2290448 ( 43.47659 +22.90000) 1.03 -0.86 125.3 +75.4  57.0 *
007 2450207 ( 20.71517 +24.50000) 1.02  0.70 233.9 +78.1  57.0 *
008 2450330 ( 33.02338 +24.50000) 1.01 -0.19 160.5 +82.1  58.0 *
009 2453592 (359.19113 +24.50000) 1.13  2.05 262.4 +62.0  59.0 *
010 2373369 (336.85990 +23.70000) 1.50  3.63 274.5 +41.7  61.0 *
011 2530341 ( 34.12299 +25.30000) 1.01 -0.19 158.8 +82.9  61.0 *
012 2370450 ( 45.04935 +23.70000) 1.03 -0.92 120.8 +75.3  62.0 *
013 2450392 ( 39.17749 +24.50000) 1.02 -0.53 135.1 +79.8  64.0 *
014 2450023 (  2.31783 +24.50000) 1.12  1.93 261.0 +63.5  64.0 *
015 2453557 (355.67450 +24.50000) 1.18  2.37 265.7 +57.9  65.0 *
016 2453372 (337.21217 +24.50000) 1.49  3.60 275.4 +42.3  66.0 *
017 2530155 ( 15.54062 +25.30000) 1.04  1.05 248.2 +74.7  66.0 *
018 2530279 ( 27.92887 +25.30000) 1.01  0.22 204.7 +82.7  66.0 *
019 2210454 ( 47.97477 +22.10000) 1.06 -1.20 117.1 +71.2  67.0 *
020 2530217 ( 21.73474 +25.30000) 1.02  0.64 233.9 +79.3  67.0 *
021 2610335 ( 33.46222 +26.10000) 1.01 -0.15 161.5 +83.8  69.0 *
022 2453434 (343.36629 +24.50000) 1.36  3.19 272.5 +47.5  70.0 *
023 2453495 (349.52039 +24.50000) 1.26  2.78 269.3 +52.7  71.0 *
024 2450453 ( 45.33160 +24.50000) 1.03 -0.94 117.6 +75.6  74.0 *
025 2610272 ( 27.22634 +26.10000) 1.01  0.27 212.2 +83.2  74.0 *
026 2533509 (350.90824 +25.30000) 1.23  2.69 269.8 +54.1  78.0 *
027 2530403 ( 40.31712 +25.30000) 1.02 -0.60 127.8 +79.7  78.0 *
028 2610210 ( 20.99045 +26.10000) 1.02  0.69 239.5 +79.3  79.0 *
029 2530032 (  3.15237 +25.30000) 1.11  1.88 262.1 +64.5  79.0 *
030 2450515 ( 51.48571 +24.50000) 1.06 -1.35 107.7 +70.7  80.0 *
031 2610148 ( 14.75456 +26.10000) 1.04  1.10 252.1 +74.4  83.0 *
032 2530093 (  9.34649 +25.30000) 1.07  1.46 256.5 +69.7  83.0 *
033 2533571 (357.10237 +25.30000) 1.16  2.28 266.3 +59.4  84.0 *
034 2533385 (338.51999 +25.30000) 1.45  3.52 275.8 +43.7  86.0 *
035 2530465 ( 46.51124 +25.30000) 1.03 -1.01 112.7 +75.1  86.0 *
036 2533323 (332.32587 +25.30000) 1.61  3.93 278.5 +38.4  88.0 *
037 2610085 (  8.51867 +26.10000) 1.07  1.52 259.4 +69.3  90.0 *
038 2533447 (344.71412 +25.30000) 1.33  3.10 272.9 +48.9  91.0 *
039 2450576 ( 57.20024 +24.50000) 1.10 -1.74 101.4 +65.9  92.0 *
040 2610023 (  2.39574 +26.10000) 1.11  1.93 264.4 +64.2  94.0 *
041 2613453 (345.25666 +26.10000) 1.31  3.07 273.8 +49.6  95.0 *
042 2610397 ( 39.69811 +26.10000) 1.01 -0.56 126.4 +80.6  97.0 *
043 2613515 (351.49255 +26.10000) 1.22  2.65 270.8 +54.9 100.0 *
044 2530527 ( 52.70537 +25.30000) 1.06 -1.43 104.1 +70.1 101.0 *
045 2613573 (357.28301 +26.10000) 1.15  2.25 267.5 +60.0 102.0 *
046 2613390 (339.02077 +26.10000) 1.43  3.48 276.6 +44.4 103.0 *
047 2613328 (332.78488 +26.10000) 1.58  3.90 279.3 +39.1 104.0 *
048 2610459 ( 45.93400 +26.10000) 1.03 -0.98 110.9 +75.9 105.0 *
049 2530589 ( 58.89949 +25.30000) 1.10 -1.84  98.3 +64.9 107.0 *
050 2450699 ( 72.58551 +24.50000) 1.27 -2.84  90.2 +51.9 110.0 *
051 2530651 ( 65.53606 +25.30000) 1.17 -2.36  93.0 +58.4 113.0 *
052 2610584 ( 58.40578 +26.10000) 1.10 -1.81  96.9 +65.6 117.0 *
053 2610522 ( 52.16989 +26.10000) 1.06 -1.39 102.5 +70.9 124.0 *
054 2610646 ( 64.64167 +26.10000) 1.15 -2.22  92.8 +60.4 139.0 *
055 2610709 ( 70.87756 +26.10000) 1.22 -2.64  89.3 +55.1 139.0 *
