#No  Block  (       RA       Dec) Airm HA       Az   Alt   Key Other
001 2293296 (329.62964 +22.90000) 1.02 -0.41 147.3 +79.4  22.0 *
002 2373246 (324.62833 +23.70000) 1.01 -0.08 172.5 +81.7  25.0 *
003 2213346 (335.49963 +22.10000) 1.03 -0.83 128.5 +75.1  27.0 *
004 2373307 (330.74411 +23.70000) 1.02 -0.49 140.2 +79.5  28.0 *
005 2293357 (335.70876 +22.90000) 1.03 -0.82 126.8 +75.9  28.0 *
006 2133405 (343.08578 +21.30000) 1.08 -1.40 114.5 +68.5  29.0 *
007 2213407 (338.52167 +22.10000) 1.05 -1.08 120.4 +72.5  29.0 *
008 2453187 (318.74985 +24.50000) 1.01  0.31 210.2 +81.5  30.0 *
009 2133465 (346.52041 +21.30000) 1.09 -1.54 111.7 +66.9  34.0 *
010 2453249 (324.90396 +24.50000) 1.01 -0.10 169.9 +82.4  34.0 *
011 2373369 (336.85990 +23.70000) 1.03 -0.89 121.6 +75.6  39.0 *
012 2133525 (352.53098 +21.30000) 1.13 -1.94 105.2 +62.0  39.0 *
013 2453311 (331.05806 +24.50000) 1.02 -0.51 136.2 +80.0  42.0 *
014 2453126 (312.59574 +24.50000) 1.02  0.72 234.7 +77.9  42.0 *
015 2133577 (357.68290 +21.30000) 1.19 -2.31 100.4 +57.4  44.0 *
016 2453372 (337.21217 +24.50000) 1.03 -0.92 118.2 +75.8  44.0 *
017 2373430 (342.97569 +23.70000) 1.06 -1.30 110.7 +70.9  45.0 *
018 2130022 (  0.25885 +21.30000) 1.23 -2.55  97.9 +54.5  52.0 *
019 2373491 (349.09149 +23.70000) 1.10 -1.71 103.6 +65.9  55.0 *
020 2213579 (358.81247 +22.10000) 1.20 -2.42  97.9 +56.4  56.0 *
021 2453434 (343.36629 +24.50000) 1.06 -1.33 108.1 +71.0  59.0 *
022 2373591 (359.13886 +23.70000) 1.20 -2.46  94.9 +56.6  62.0 *
023 2373552 (355.20728 +23.70000) 1.15 -2.12  98.4 +60.8  62.0 *
024 2453557 (355.67450 +24.50000) 1.15 -2.15  96.5 +60.8  65.0 *
025 2210031 (  5.66631 +22.10000) 1.30 -2.91  93.2 +50.2  66.0 *
026 2290022 (  2.65962 +22.90000) 1.24 -2.63  94.5 +54.1  68.0 *
027 2370022 (  0.44937 +23.70000) 1.22 -2.56  93.9 +55.3  69.0 *
028 2210091 (  9.12006 +22.10000) 1.34 -3.04  92.0 +48.5  70.0 *
029 2453495 (349.52039 +24.50000) 1.10 -1.74 101.4 +65.9  71.0 *
030 2210152 ( 15.16413 +22.10000) 1.46 -3.45  88.8 +43.3  75.0 *
031 2453592 (359.19113 +24.50000) 1.20 -2.47  93.4 +56.6  76.0 *
032 2290083 (  8.30452 +22.90000) 1.32 -2.99  91.4 +49.5  76.0 *
033 2290144 ( 13.51520 +22.90000) 1.42 -3.37  88.4 +44.7  78.0 *
034 2450023 (  2.31783 +24.50000) 1.22 -2.59  92.3 +55.1  85.0 *
035 2450084 (  8.40695 +24.50000) 1.31 -3.00  89.0 +50.0  90.0 *
036 2370206 ( 22.33355 +23.70000) 1.66 -3.99  83.0 +37.1  91.0 *
037 2450146 ( 14.56106 +24.50000) 1.42 -3.41  86.0 +44.8  95.0 *
038 2450207 ( 20.71517 +24.50000) 1.57 -3.82  83.2 +39.6 107.0 *
