#No  Block  (       RA       Dec) Airm HA       Az   Alt   Key Other
001 2213165 (316.50400 +22.10000) 1.06 -1.19 117.5 +71.4  12.0 *
002 2053216 (319.90915 +20.50000) 1.09 -1.47 114.7 +67.2  14.0 *
003 2293114 (311.39227 +22.90000) 1.03 -0.85 125.7 +75.6  14.0 *
004 2293175 (317.47139 +22.90000) 1.06 -1.25 113.9 +71.1  20.0 *
005 2213225 (322.54807 +22.10000) 1.09 -1.59 109.1 +66.7  21.0 *
006 2373124 (312.39675 +23.70000) 1.03 -0.91 120.9 +75.4  23.0 *
007 2453126 (312.59574 +24.50000) 1.03 -0.93 117.9 +75.7  25.0 *
008 2293236 (323.55052 +22.90000) 1.09 -1.66 106.2 +66.2  29.0 *
009 2213286 (326.43355 +22.10000) 1.13 -1.93 103.8 +62.6  32.0 *
010 2373185 (318.51254 +23.70000) 1.06 -1.32 110.3 +70.7  33.0 *
011 2293296 (329.62964 +22.90000) 1.14 -2.06 100.5 +61.2  36.0 *
012 2373246 (324.62833 +23.70000) 1.10 -1.73 103.3 +65.7  37.0 *
013 2453187 (318.74985 +24.50000) 1.06 -1.34 107.9 +70.9  40.0 *
014 2213346 (335.49963 +22.10000) 1.21 -2.48  97.2 +55.6  41.0 *
015 2453249 (324.90396 +24.50000) 1.10 -1.75 101.3 +65.8  45.0 *
016 2293357 (335.70876 +22.90000) 1.20 -2.47  96.1 +56.1  46.0 *
017 2133405 (343.08578 +21.30000) 1.34 -3.05  93.1 +48.1  47.0 *
018 2373307 (330.74411 +23.70000) 1.15 -2.14  98.2 +60.6  47.0 *
019 2213407 (338.52167 +22.10000) 1.26 -2.73  94.8 +52.4  49.0 *
020 2133465 (346.52041 +21.30000) 1.38 -3.19  91.9 +46.3  51.0 *
021 2373369 (336.85990 +23.70000) 1.21 -2.54  94.1 +55.4  53.0 *
022 2453311 (331.05806 +24.50000) 1.15 -2.16  96.4 +60.7  54.0 *
023 2133525 (352.53098 +21.30000) 1.52 -3.59  88.7 +41.2  58.0 *
024 2133577 (357.68290 +21.30000) 1.68 -3.96  85.9 +36.5  62.0 *
025 2373430 (342.97569 +23.70000) 1.30 -2.95  90.5 +50.3  63.0 *
026 2453372 (337.21217 +24.50000) 1.21 -2.57  92.5 +55.4  65.0 *
027 2373491 (349.09149 +23.70000) 1.41 -3.36  87.4 +45.1  69.0 *
028 2453434 (343.36629 +24.50000) 1.30 -2.98  89.2 +50.2  70.0 *
029 2373552 (355.20728 +23.70000) 1.56 -3.77  84.5 +39.9  71.0 *
030 2453495 (349.52039 +24.50000) 1.41 -3.39  86.1 +45.0  82.0 *
031 2453557 (355.67450 +24.50000) 1.56 -3.80  83.3 +39.8  86.0 *
