#No  Block  (       RA       Dec) Airm HA       Az   Alt   Key Other
001 2290205 ( 22.63388 +22.90000) 1.03 -0.69 132.0 +77.1  55.0 *
002 2370206 ( 22.33355 +23.70000) 1.02 -0.66 131.1 +78.0  56.0 *
003 2450084 (  8.40695 +24.50000) 1.01  0.33 211.8 +81.3  56.0 *
004 2453592 (359.19113 +24.50000) 1.03  0.86 239.8 +76.5  58.0 *
005 2450146 ( 14.56106 +24.50000) 1.01 -0.08 172.0 +82.5  58.0 *
006 2453557 (355.67450 +24.50000) 1.05  1.18 248.9 +72.7  59.0 *
007 2450023 (  2.31783 +24.50000) 1.02  0.74 235.4 +77.7  64.0 *
008 2290265 ( 26.54189 +22.90000) 1.03 -0.88 124.7 +75.3  64.0 *
009 2453495 (349.52039 +24.50000) 1.08  1.59 256.5 +67.7  70.0 *
010 2370267 ( 26.70198 +23.70000) 1.03 -0.89 121.8 +75.7  71.0 *
011 2373369 (336.85990 +23.70000) 1.19  2.44 264.9 +56.8  72.0 *
012 2450207 ( 20.71517 +24.50000) 1.01 -0.49 137.4 +80.2  72.0 *
013 2210333 ( 32.86461 +22.10000) 1.06 -1.31 114.6 +69.9  74.0 *
014 2453372 (337.21217 +24.50000) 1.19  2.41 266.1 +57.4  74.0 *
015 2373246 (324.62833 +23.70000) 1.38  3.25 271.8 +46.4  77.0 *
016 2533571 (357.10237 +25.30000) 1.04  1.09 249.2 +74.2  77.0 *
017 2530155 ( 15.54062 +25.30000) 1.01 -0.14 163.8 +83.1  80.0 *
018 2370328 ( 32.81777 +23.70000) 1.06 -1.29 110.9 +71.0  80.0 *
019 2530032 (  3.15237 +25.30000) 1.02  0.68 236.1 +78.8  81.0 *
020 2290326 ( 33.48946 +22.90000) 1.07 -1.37 111.4 +69.7  81.0 *
021 2530093 (  9.34649 +25.30000) 1.01  0.27 209.2 +82.4  82.0 *
022 2610085 (  8.51867 +26.10000) 1.01  0.33 217.4 +82.7  83.0 *
023 2450269 ( 26.86928 +24.50000) 1.03 -0.90 118.8 +76.0  85.0 *
024 2453249 (324.90396 +24.50000) 1.37  3.23 272.8 +47.0  86.0 *
025 2453187 (318.74985 +24.50000) 1.50  3.64 275.6 +41.8  86.0 *
026 2453434 (343.36629 +24.50000) 1.13  2.00 261.9 +62.6  86.0 *
027 2610148 ( 14.75456 +26.10000) 1.01 -0.09 168.3 +84.0  87.0 *
028 2453311 (331.05806 +24.50000) 1.27  2.82 269.6 +52.2  89.0 *
029 2533509 (350.90824 +25.30000) 1.07  1.50 257.1 +69.2  92.0 *
030 2290387 ( 38.70014 +22.90000) 1.10 -1.69 105.7 +65.9  92.0 *
031 2533385 (338.51999 +25.30000) 1.17  2.33 266.7 +58.8  94.0 *
032 2610023 (  2.39574 +26.10000) 1.02  0.73 241.5 +78.7  94.0 *
033 2370389 ( 38.93356 +23.70000) 1.09 -1.70 103.7 +66.0  94.0 *
034 2533447 (344.71412 +25.30000) 1.11  1.91 262.5 +64.0  95.0 *
035 2530217 ( 21.73474 +25.30000) 1.02 -0.55 130.3 +80.1  95.0 *
036 2530279 ( 27.92887 +25.30000) 1.03 -0.97 114.0 +75.6  97.0 *
037 2290448 ( 43.47659 +22.90000) 1.14 -2.05 100.7 +61.4  98.0 *
038 2533323 (332.32587 +25.30000) 1.24  2.74 270.2 +53.5 101.0 *
039 2450330 ( 33.02338 +24.50000) 1.06 -1.38 107.0 +70.3 104.0 *
040 2613515 (351.49255 +26.10000) 1.06  1.46 258.6 +70.0 104.0 *
041 2370450 ( 45.04935 +23.70000) 1.14 -2.11  98.5 +60.9 109.0 *
042 2613573 (357.28301 +26.10000) 1.04  1.06 251.2 +74.9 109.0 *
043 2450392 ( 39.17749 +24.50000) 1.09 -1.72 101.7 +66.2 110.0 *
044 2610210 ( 20.99045 +26.10000) 1.01 -0.51 129.6 +81.2 110.0 *
045 2210454 ( 47.97477 +22.10000) 1.20 -2.40  98.1 +56.7 111.0 *
046 2530341 ( 34.12299 +25.30000) 1.06 -1.38 104.9 +70.7 113.0 *
047 2533137 (313.74349 +25.30000) 1.63  3.98 278.8 +37.8 113.0 *
048 2613453 (345.25666 +26.10000) 1.11  1.88 263.8 +64.8 114.0 *
049 2533261 (326.13174 +25.30000) 1.34  3.15 273.3 +48.3 115.0 *
050 2450453 ( 45.33160 +24.50000) 1.14 -2.13  96.8 +61.0 116.0 *
051 2533199 (319.93762 +25.30000) 1.46  3.56 276.1 +43.1 118.0 *
052 2613141 (314.07721 +26.10000) 1.61  3.96 279.6 +38.4 122.0 *
053 2613390 (339.02077 +26.10000) 1.16  2.29 267.9 +59.5 124.0 *
054 2613265 (326.54899 +26.10000) 1.33  3.12 274.2 +48.9 125.0 *
055 2610272 ( 27.22634 +26.10000) 1.03 -0.92 112.4 +76.6 127.0 *
056 2613328 (332.78488 +26.10000) 1.23  2.71 271.2 +54.2 130.0 *
057 2610335 ( 33.46222 +26.10000) 1.05 -1.34 103.4 +71.5 130.0 *
058 2450515 ( 51.48571 +24.50000) 1.21 -2.54  92.8 +55.8 133.0 *
059 2613203 (320.31311 +26.10000) 1.45  3.54 277.0 +43.7 135.0 *
060 2530403 ( 40.31712 +25.30000) 1.10 -1.79  98.9 +65.5 137.0 *
061 2530465 ( 46.51124 +25.30000) 1.15 -2.21  94.4 +60.3 145.0 *
062 2610397 ( 39.69811 +26.10000) 1.09 -1.75  97.6 +66.3 148.0 *
063 2450576 ( 57.20024 +24.50000) 1.29 -2.93  89.5 +50.8 150.0 *
064 2610459 ( 45.93400 +26.10000) 1.14 -2.17  93.3 +61.1 153.0 *
065 2530527 ( 52.70537 +25.30000) 1.22 -2.62  90.8 +55.1 154.0 *
066 2530589 ( 58.89949 +25.30000) 1.31 -3.03  87.6 +49.8 161.0 *
067 2530651 ( 65.53606 +25.30000) 1.46 -3.55  84.0 +43.2 166.0 *
068 2610522 ( 52.16989 +26.10000) 1.21 -2.58  89.7 +55.8 175.0 *
069 2610584 ( 58.40578 +26.10000) 1.30 -3.00  86.7 +50.5 192.0 *
070 2610709 ( 70.87756 +26.10000) 1.56 -3.83  81.2 +40.0 193.0 *
071 2610646 ( 64.64167 +26.10000) 1.41 -3.42  83.8 +45.2 194.0 *
