#No  Block  (       RA       Dec) Airm HA       Az   Alt   Key Other
001 2373491 (349.09149 +23.70000) 1.01 -0.15 165.8 +81.5  27.0 *
002 2130022 (  0.25885 +21.30000) 1.05 -0.99 125.3 +73.0  29.0 *
003 2373369 (336.85990 +23.70000) 1.02  0.66 229.3 +77.9  31.0 *
004 2373430 (342.97569 +23.70000) 1.01  0.26 203.3 +81.1  33.0 *
005 2373591 (359.13886 +23.70000) 1.03 -0.90 121.5 +75.5  35.0 *
006 2210031 (  5.66631 +22.10000) 1.07 -1.35 113.8 +69.5  39.0 *
007 2373552 (355.20728 +23.70000) 1.02 -0.56 136.1 +78.9  40.0 *
008 2370022 (  0.44937 +23.70000) 1.04 -1.00 118.2 +74.4  41.0 *
009 2373246 (324.62833 +23.70000) 1.07  1.48 252.7 +68.8  42.0 *
010 2453372 (337.21217 +24.50000) 1.02  0.64 231.0 +78.7  42.0 *
011 2290022 (  2.65962 +22.90000) 1.04 -1.07 118.5 +73.1  42.0 *
012 2453434 (343.36629 +24.50000) 1.01  0.23 203.1 +81.9  42.0 *
013 2453557 (355.67450 +24.50000) 1.02 -0.59 131.6 +79.2  45.0 *
014 2210091 (  9.12006 +22.10000) 1.08 -1.49 111.0 +67.9  45.0 *
015 2453495 (349.52039 +24.50000) 1.01 -0.18 161.7 +82.2  48.0 *
016 2210152 ( 15.16413 +22.10000) 1.12 -1.89 104.3 +63.0  50.0 *
017 2290083 (  8.30452 +22.90000) 1.07 -1.43 110.1 +68.9  50.0 *
018 2453187 (318.74985 +24.50000) 1.11  1.87 260.3 +64.2  50.0 *
019 2290144 ( 13.51520 +22.90000) 1.11 -1.81 103.9 +64.3  51.0 *
020 2453311 (331.05806 +24.50000) 1.04  1.05 245.7 +74.3  53.0 *
021 2453249 (324.90396 +24.50000) 1.07  1.46 254.4 +69.3  56.0 *
022 2453592 (359.19113 +24.50000) 1.03 -0.92 118.2 +75.8  57.0 *
023 2290205 ( 22.63388 +22.90000) 1.20 -2.46  96.1 +56.2  63.0 *
024 2450023 (  2.31783 +24.50000) 1.04 -1.03 114.8 +74.5  66.0 *
025 2453126 (312.59574 +24.50000) 1.17  2.28 264.8 +59.1  66.0 *
026 2450084 (  8.40695 +24.50000) 1.07 -1.44 106.0 +69.6  68.0 *
027 2210333 ( 32.86461 +22.10000) 1.35 -3.08  91.7 +48.0  69.0 *
028 2290265 ( 26.54189 +22.90000) 1.24 -2.65  94.4 +53.8  69.0 *
029 2370206 ( 22.33355 +23.70000) 1.19 -2.43  95.1 +56.9  69.0 *
030 2370267 ( 26.70198 +23.70000) 1.24 -2.66  93.0 +54.0  77.0 *
031 2290326 ( 33.48946 +22.90000) 1.36 -3.14  90.1 +47.5  77.0 *
032 2450207 ( 20.71517 +24.50000) 1.16 -2.26  95.4 +59.4  82.0 *
033 2290448 ( 43.47659 +22.90000) 1.59 -3.82  85.1 +38.9  83.0 *
034 2290387 ( 38.70014 +22.90000) 1.45 -3.46  87.7 +43.5  84.0 *
035 2450269 ( 26.86928 +24.50000) 1.23 -2.67  91.7 +54.2  85.0 *
036 2370328 ( 32.81777 +23.70000) 1.33 -3.07  89.6 +48.8  86.0 *
037 2450146 ( 14.56106 +24.50000) 1.11 -1.85 100.0 +64.5  86.0 *
038 2370389 ( 38.93356 +23.70000) 1.45 -3.47  86.6 +43.6  92.0 *
039 2450330 ( 33.02338 +24.50000) 1.35 -3.16  87.8 +48.0  96.0 *
040 2370450 ( 45.04935 +23.70000) 1.61 -3.88  83.7 +38.5 101.0 *
041 2450453 ( 45.33160 +24.50000) 1.61 -3.90  82.6 +38.5 108.0 *
042 2450392 ( 39.17749 +24.50000) 1.45 -3.49  85.4 +43.7 108.0 *
