#No  Block  (       RA       Dec) Airm HA       Az   Alt   Key Other
001 2210454 ( 47.97477 +22.10000) 1.02 -0.07 174.0 +80.1  37.0 *
002 2450515 ( 51.48571 +24.50000) 1.01 -0.22 158.3 +82.0  37.0 *
003 2450146 ( 14.56106 +24.50000) 1.16  2.25 264.5 +59.5  40.0 *
004 2450392 ( 39.17749 +24.50000) 1.02  0.60 229.2 +79.1  40.0 *
005 2450453 ( 45.33160 +24.50000) 1.01  0.19 199.7 +82.1  41.0 *
006 2453592 (359.19113 +24.50000) 1.35  3.18 272.3 +47.7  43.0 *
007 2450023 (  2.31783 +24.50000) 1.32  3.06 271.5 +49.2  45.0 *
008 2450330 ( 33.02338 +24.50000) 1.03  0.94 242.5 +75.5  46.0 *
009 2450207 ( 20.71517 +24.50000) 1.11  1.84 259.9 +64.7  47.0 *
010 2453557 (355.67450 +24.50000) 1.45  3.50 274.7 +43.5  49.0 *
011 2530465 ( 46.51124 +25.30000) 1.01  0.12 193.3 +83.2  49.0 *
012 2450576 ( 57.20024 +24.50000) 1.02 -0.61 130.4 +79.0  49.0 *
013 2453495 (349.52039 +24.50000) 1.61  3.91 277.5 +38.3  51.0 *
014 2530403 ( 40.31712 +25.30000) 1.01  0.53 228.2 +80.4  52.0 *
015 2533509 (350.90824 +25.30000) 1.56  3.82 277.8 +39.8  53.0 *
016 2530217 ( 21.73474 +25.30000) 1.10  1.77 260.8 +65.9  54.0 *
017 2530155 ( 15.54062 +25.30000) 1.15  2.18 265.3 +60.7  56.0 *
018 2530341 ( 34.12299 +25.30000) 1.03  0.94 245.3 +75.9  56.0 *
019 2530093 (  9.34649 +25.30000) 1.21  2.59 269.0 +55.4  57.0 *
020 2530527 ( 52.70537 +25.30000) 1.01 -0.30 148.4 +82.3  59.0 *
021 2530032 (  3.15237 +25.30000) 1.30  3.01 272.2 +50.1  60.0 *
022 2610335 ( 33.46222 +26.10000) 1.03  0.99 249.4 +75.8  61.0 *
023 2610397 ( 39.69811 +26.10000) 1.01  0.57 234.0 +80.5  62.0 *
024 2610459 ( 45.93400 +26.10000) 1.01  0.15 199.6 +83.8  62.0 *
025 2530279 ( 27.92887 +25.30000) 1.06  1.35 254.6 +71.0  62.0 *
026 2533571 (357.10237 +25.30000) 1.41  3.41 275.1 +45.0  62.0 *
027 2530589 ( 58.89949 +25.30000) 1.02 -0.71 122.8 +78.5  63.0 *
028 2450699 ( 72.58551 +24.50000) 1.09 -1.71 101.7 +66.2  63.0 *
029 2610148 ( 14.75456 +26.10000) 1.15  2.23 267.3 +60.3  65.0 *
030 2530651 ( 65.53606 +25.30000) 1.05 -1.23 107.7 +72.5  67.0 *
031 2613515 (351.49255 +26.10000) 1.54  3.78 278.5 +40.6  68.0 *
032 2610522 ( 52.16989 +26.10000) 1.01 -0.26 148.7 +83.2  69.0 *
033 2613573 (357.28301 +26.10000) 1.40  3.38 275.9 +45.7  70.0 *
034 2610584 ( 58.40578 +26.10000) 1.02 -0.68 120.8 +79.4  71.0 *
035 2610210 ( 20.99045 +26.10000) 1.10  1.82 263.2 +65.5  72.0 *
036 2610272 ( 27.22634 +26.10000) 1.06  1.40 257.7 +70.7  73.0 *
037 2610085 (  8.51867 +26.10000) 1.22  2.65 270.8 +55.0  73.0 *
038 2610023 (  2.39574 +26.10000) 1.31  3.06 273.7 +49.8  78.0 *
039 2610646 ( 64.64167 +26.10000) 1.04 -1.09 108.1 +74.5  82.0 *
040 2610709 ( 70.87756 +26.10000) 1.07 -1.51 100.7 +69.4  96.0 *
