#No  Block  (       RA       Dec) Airm HA       Az   Alt   Key Other
001 2370022 (  0.44937 +23.70000) 1.01 -0.27 155.9 +81.0  48.0 *
002 2290022 (  2.65962 +22.90000) 1.02 -0.34 152.4 +79.9  51.0 *
003 2210031 (  5.66631 +22.10000) 1.03 -0.61 138.0 +77.2  52.0 *
004 2453557 (355.67450 +24.50000) 1.01  0.14 194.8 +82.3  52.0 *
005 2453495 (349.52039 +24.50000) 1.02  0.55 226.5 +79.6  54.0 *
006 2210091 (  9.12006 +22.10000) 1.03 -0.75 131.7 +75.9  55.0 *
007 2453592 (359.19113 +24.50000) 1.01 -0.18 161.4 +82.2  58.0 *
008 2373369 (336.85990 +23.70000) 1.07  1.40 251.2 +69.7  59.0 *
009 2290083 (  8.30452 +22.90000) 1.03 -0.70 131.7 +77.0  62.0 *
010 2453372 (337.21217 +24.50000) 1.06  1.37 252.8 +70.4  67.0 *
011 2290144 ( 13.51520 +22.90000) 1.05 -1.08 118.3 +73.1  69.0 *
012 2210152 ( 15.16413 +22.10000) 1.05 -1.16 118.3 +71.7  70.0 *
013 2450084 (  8.40695 +24.50000) 1.02 -0.71 126.1 +78.1  71.0 *
014 2453434 (343.36629 +24.50000) 1.03  0.96 243.3 +75.3  71.0 *
015 2373246 (324.62833 +23.70000) 1.16  2.21 262.7 +59.6  71.0 *
016 2450023 (  2.31783 +24.50000) 1.01 -0.30 151.0 +81.6  72.0 *
017 2453249 (324.90396 +24.50000) 1.15  2.19 263.9 +60.2  73.0 *
018 2533571 (357.10237 +25.30000) 1.01  0.05 185.6 +83.3  73.0 *
019 2533509 (350.90824 +25.30000) 1.01  0.46 224.1 +81.0  74.0 *
020 2453187 (318.74985 +24.50000) 1.22  2.61 267.8 +55.0  80.0 *
021 2453311 (331.05806 +24.50000) 1.10  1.78 259.2 +65.3  82.0 *
022 2533385 (338.51999 +25.30000) 1.05  1.29 253.4 +71.8  83.0 *
023 2613515 (351.49255 +26.10000) 1.01  0.42 225.0 +81.9  85.0 *
024 2533447 (344.71412 +25.30000) 1.03  0.87 243.2 +76.7  86.0 *
025 2533323 (332.32587 +25.30000) 1.09  1.70 259.9 +66.7  90.0 *
026 2450146 ( 14.56106 +24.50000) 1.04 -1.12 112.7 +73.5  91.0 *
027 2453126 (312.59574 +24.50000) 1.31  3.02 271.1 +49.7  92.0 *
028 2290205 ( 22.63388 +22.90000) 1.10 -1.73 105.0 +65.3  92.0 *
029 2530032 (  3.15237 +25.30000) 1.01 -0.35 143.6 +81.9  93.0 *
030 2610023 (  2.39574 +26.10000) 1.01 -0.30 144.6 +82.9  93.0 *
031 2613453 (345.25666 +26.10000) 1.02  0.84 245.1 +77.6  93.0 *
032 2370206 ( 22.33355 +23.70000) 1.09 -1.69 103.8 +66.1  95.0 *
033 2613573 (357.28301 +26.10000) 1.01  0.02 182.8 +84.1  97.0 *
034 2533261 (326.13174 +25.30000) 1.14  2.11 264.6 +61.5  98.0 *
035 2290265 ( 26.54189 +22.90000) 1.12 -1.91 102.4 +63.1  98.0 *
036 2530093 (  9.34649 +25.30000) 1.02 -0.77 120.5 +77.9 104.0 *
037 2210333 ( 32.86461 +22.10000) 1.19 -2.35  98.6 +57.2 106.0 *
038 2450207 ( 20.71517 +24.50000) 1.07 -1.53 104.6 +68.6 106.0 *
039 2370267 ( 26.70198 +23.70000) 1.12 -1.92 100.7 +63.3 107.0 *
040 2613328 (332.78488 +26.10000) 1.08  1.67 261.4 +67.4 108.0 *
041 2613390 (339.02077 +26.10000) 1.05  1.25 255.2 +72.6 110.0 *
042 2533199 (319.93762 +25.30000) 1.20  2.53 268.4 +56.3 112.0 *
043 2613265 (326.54899 +26.10000) 1.13  2.09 266.0 +62.1 113.0 *
044 2290326 ( 33.48946 +22.90000) 1.19 -2.41  96.7 +56.9 113.0 *
045 2530155 ( 15.54062 +25.30000) 1.05 -1.18 108.7 +73.1 114.0 *
046 2533137 (313.74349 +25.30000) 1.29  2.94 271.7 +51.0 114.0 *
047 2610085 (  8.51867 +26.10000) 1.02 -0.71 119.4 +79.0 115.0 *
048 2613141 (314.07721 +26.10000) 1.28  2.92 272.8 +51.6 120.0 *
049 2610148 ( 14.75456 +26.10000) 1.04 -1.13 107.3 +74.1 121.0 *
050 2370328 ( 32.81777 +23.70000) 1.18 -2.33  96.1 +58.1 121.0 *
051 2613203 (320.31311 +26.10000) 1.19  2.50 269.6 +56.8 124.0 *
052 2450269 ( 26.86928 +24.50000) 1.12 -1.94  98.9 +63.4 127.0 *
053 2290387 ( 38.70014 +22.90000) 1.25 -2.72  93.7 +52.8 128.0 *
054 2530217 ( 21.73474 +25.30000) 1.08 -1.59 101.6 +68.0 132.0 *
055 2290448 ( 43.47659 +22.90000) 1.34 -3.09  90.6 +48.2 134.0 *
056 2370389 ( 38.93356 +23.70000) 1.25 -2.74  92.3 +53.0 134.0 *
057 2530279 ( 27.92887 +25.30000) 1.12 -2.01  96.5 +62.9 135.0 *
058 2450330 ( 33.02338 +24.50000) 1.19 -2.42  93.8 +57.3 141.0 *
059 2210454 ( 47.97477 +22.10000) 1.45 -3.43  88.9 +43.5 141.0 *
060 2610210 ( 20.99045 +26.10000) 1.07 -1.54 100.2 +69.0 141.0 *
061 2370450 ( 45.04935 +23.70000) 1.35 -3.15  89.0 +47.8 147.0 *
062 2450392 ( 39.17749 +24.50000) 1.25 -2.76  90.9 +53.0 149.0 *
063 2530341 ( 34.12299 +25.30000) 1.18 -2.42  92.5 +57.6 153.0 *
064 2450453 ( 45.33160 +24.50000) 1.35 -3.17  87.7 +47.8 159.0 *
065 2610272 ( 27.22634 +26.10000) 1.12 -1.96  95.3 +63.7 160.0 *
066 2610335 ( 33.46222 +26.10000) 1.17 -2.38  91.4 +58.4 166.0 *
067 2530403 ( 40.31712 +25.30000) 1.26 -2.83  89.1 +52.4 175.0 *
068 2530465 ( 46.51124 +25.30000) 1.36 -3.25  86.1 +47.1 176.0 *
069 2450515 ( 51.48571 +24.50000) 1.48 -3.58  84.8 +42.6 176.0 *
070 2610397 ( 39.69811 +26.10000) 1.25 -2.79  88.2 +53.2 183.0 *
071 2450576 ( 57.20024 +24.50000) 1.64 -3.97  82.2 +37.6 185.0 *
072 2530527 ( 52.70537 +25.30000) 1.50 -3.66  83.3 +41.9 187.0 *
073 2610459 ( 45.93400 +26.10000) 1.35 -3.21  85.2 +47.9 202.0 *
074 2610522 ( 52.16989 +26.10000) 1.48 -3.62  82.5 +42.6 214.0 *
