#No  Block  (       RA       Dec) Airm HA       Az   Alt   Key Other
001 2053156 (315.63872 +20.50000) 1.09 -1.53 113.7 +66.6   8.0 *
002 2293114 (311.39227 +22.90000) 1.06 -1.24 114.1 +71.2  12.0 *
003 2133165 (316.03820 +21.30000) 1.09 -1.57 111.2 +66.5  12.0 *
004 2213165 (316.50400 +22.10000) 1.09 -1.58 109.2 +66.7  15.0 *
005 2053216 (319.90915 +20.50000) 1.13 -1.87 107.7 +62.4  18.0 *
006 2373124 (312.39675 +23.70000) 1.06 -1.31 110.5 +70.8  23.0 *
007 2293175 (317.47139 +22.90000) 1.09 -1.65 106.3 +66.3  25.0 *
008 2213225 (322.54807 +22.10000) 1.13 -1.99 103.0 +61.8  26.0 *
009 2453126 (312.59574 +24.50000) 1.06 -1.32 108.1 +71.0  27.0 *
010 2373185 (318.51254 +23.70000) 1.10 -1.72 103.5 +65.8  37.0 *
011 2293236 (323.55052 +22.90000) 1.14 -2.05 100.6 +61.3  37.0 *
012 2213286 (326.43355 +22.10000) 1.18 -2.32  98.9 +57.6  38.0 *
013 2293296 (329.62964 +22.90000) 1.20 -2.46  96.2 +56.2  41.0 *
014 2373246 (324.62833 +23.70000) 1.15 -2.13  98.3 +60.7  41.0 *
015 2453187 (318.74985 +24.50000) 1.09 -1.73 101.5 +66.0  43.0 *
016 2213346 (335.49963 +22.10000) 1.30 -2.88  93.4 +50.5  46.0 *
017 2453249 (324.90396 +24.50000) 1.15 -2.14  96.6 +60.8  48.0 *
018 2293357 (335.70876 +22.90000) 1.29 -2.86  92.4 +51.1  50.0 *
019 2373307 (330.74411 +23.70000) 1.21 -2.53  94.1 +55.6  51.0 *
020 2133405 (343.08578 +21.30000) 1.47 -3.45  89.8 +43.0  52.0 *
021 2213407 (338.52167 +22.10000) 1.36 -3.13  91.3 +47.4  53.0 *
022 2133465 (346.52041 +21.30000) 1.52 -3.59  88.7 +41.3  57.0 *
023 2373369 (336.85990 +23.70000) 1.30 -2.94  90.6 +50.4  57.0 *
024 2453311 (331.05806 +24.50000) 1.21 -2.55  92.6 +55.6  58.0 *
025 2133525 (352.53098 +21.30000) 1.69 -3.99  85.7 +36.2  62.0 *
026 2373430 (342.97569 +23.70000) 1.41 -3.35  87.5 +45.2  67.0 *
027 2453372 (337.21217 +24.50000) 1.30 -2.96  89.3 +50.4  69.0 *
028 2373491 (349.09149 +23.70000) 1.55 -3.76  84.6 +40.0  73.0 *
029 2453434 (343.36629 +24.50000) 1.41 -3.37  86.2 +45.2  74.0 *
030 2453495 (349.52039 +24.50000) 1.56 -3.79  83.4 +40.0  85.0 *
