#No  Block  (       RA       Dec) Airm HA       Az   Alt   Key Other
001 2053097 (309.66010 +20.50000) 1.12 -1.77 109.3 +63.7   2.0 *
002 2213105 (310.45993 +22.10000) 1.11 -1.82 105.3 +63.8   7.0 *
003 2133105 (310.45695 +21.30000) 1.12 -1.82 106.9 +63.4   7.0 *
004 2053156 (315.63872 +20.50000) 1.17 -2.17 103.5 +58.8  13.0 *
005 2293114 (311.39227 +22.90000) 1.12 -1.88 102.8 +63.4  18.0 *
006 2133165 (316.03820 +21.30000) 1.17 -2.21 101.6 +58.7  18.0 *
007 2213165 (316.50400 +22.10000) 1.17 -2.23 100.0 +58.8  20.0 *
008 2053216 (319.90915 +20.50000) 1.23 -2.51  99.4 +54.5  26.0 *
009 2373124 (312.39675 +23.70000) 1.12 -1.95 100.3 +62.9  28.0 *
010 2293175 (317.47139 +22.90000) 1.17 -2.29  97.9 +58.3  29.0 *
011 2453126 (312.59574 +24.50000) 1.12 -1.97  98.6 +63.1  31.0 *
012 2213225 (322.54807 +22.10000) 1.24 -2.63  95.8 +53.7  33.0 *
013 2293236 (323.55052 +22.90000) 1.25 -2.70  93.9 +53.2  41.0 *
014 2213286 (326.43355 +22.10000) 1.32 -2.96  92.7 +49.5  42.0 *
015 2373185 (318.51254 +23.70000) 1.18 -2.36  95.8 +57.8  42.0 *
016 2453187 (318.74985 +24.50000) 1.18 -2.38  94.3 +57.9  46.0 *
017 2373246 (324.62833 +23.70000) 1.26 -2.77  92.1 +52.6  47.0 *
018 2293296 (329.62964 +22.90000) 1.34 -3.10  90.5 +48.1  51.0 *
019 2213346 (335.49963 +22.10000) 1.48 -3.52  88.2 +42.4  53.0 *
020 2293357 (335.70876 +22.90000) 1.47 -3.51  87.3 +42.9  56.0 *
021 2453249 (324.90396 +24.50000) 1.26 -2.79  90.7 +52.7  57.0 *
022 2373307 (330.74411 +23.70000) 1.36 -3.17  88.8 +47.4  57.0 *
023 2213407 (338.52167 +22.10000) 1.58 -3.77  86.4 +39.2  60.0 *
024 2453311 (331.05806 +24.50000) 1.36 -3.20  87.5 +47.5  62.0 *
025 2373369 (336.85990 +23.70000) 1.49 -3.58  85.8 +42.2  64.0 *
026 2453372 (337.21217 +24.50000) 1.49 -3.61  84.6 +42.2  71.0 *
027 2373430 (342.97569 +23.70000) 1.66 -3.99  83.0 +37.1  72.0 *
