#No  Block  (       RA       Dec) Airm HA       Az   Alt   Key Other
001 2373307 (330.74411 +23.70000) 1.01 -0.12 168.7 +81.6  25.0 *
002 2293357 (335.70876 +22.90000) 1.02 -0.45 144.9 +79.1  25.0 *
003 2213407 (338.52167 +22.10000) 1.03 -0.71 133.4 +76.3  25.0 *
004 2133405 (343.08578 +21.30000) 1.05 -1.03 123.8 +72.5  26.0 *
005 2373246 (324.62833 +23.70000) 1.01  0.29 205.9 +80.9  27.0 *
006 2133465 (346.52041 +21.30000) 1.06 -1.17 119.9 +71.1  30.0 *
007 2373369 (336.85990 +23.70000) 1.02 -0.53 137.8 +79.2  35.0 *
008 2133525 (352.53098 +21.30000) 1.09 -1.57 111.1 +66.5  35.0 *
009 2453249 (324.90396 +24.50000) 1.01  0.27 206.5 +81.7  36.0 *
010 2453187 (318.74985 +24.50000) 1.02  0.68 232.8 +78.3  36.0 *
011 2453372 (337.21217 +24.50000) 1.02 -0.55 133.7 +79.6  39.0 *
012 2133577 (357.68290 +21.30000) 1.13 -1.95 105.1 +61.9  39.0 *
013 2373430 (342.97569 +23.70000) 1.03 -0.93 120.2 +75.1  40.0 *
014 2453311 (331.05806 +24.50000) 1.01 -0.14 165.5 +82.3  40.0 *
015 2130022 (  0.25885 +21.30000) 1.17 -2.18 102.0 +59.0  48.0 *
016 2453126 (312.59574 +24.50000) 1.04  1.09 246.7 +73.8  49.0 *
017 2213579 (358.81247 +22.10000) 1.14 -2.05 102.2 +61.0  51.0 *
018 2373491 (349.09149 +23.70000) 1.06 -1.34 109.9 +70.4  53.0 *
019 2453434 (343.36629 +24.50000) 1.03 -0.96 116.8 +75.3  56.0 *
020 2373591 (359.13886 +23.70000) 1.14 -2.09  98.7 +61.2  59.0 *
021 2373552 (355.20728 +23.70000) 1.10 -1.75 103.0 +65.4  59.0 *
022 2210031 (  5.66631 +22.10000) 1.22 -2.54  96.7 +54.9  61.0 *
023 2453557 (355.67450 +24.50000) 1.10 -1.78 100.8 +65.4  62.0 *
024 2290022 (  2.65962 +22.90000) 1.17 -2.26  98.2 +58.7  64.0 *
025 2210091 (  9.12006 +22.10000) 1.25 -2.68  95.3 +53.1  65.0 *
026 2370022 (  0.44937 +23.70000) 1.16 -2.19  97.6 +59.9  65.0 *
027 2453495 (349.52039 +24.50000) 1.06 -1.37 107.2 +70.4  68.0 *
028 2290083 (  8.30452 +22.90000) 1.23 -2.62  94.6 +54.1  72.0 *
029 2210152 ( 15.16413 +22.10000) 1.35 -3.08  91.7 +48.0  72.0 *
030 2453592 (359.19113 +24.50000) 1.14 -2.11  97.0 +61.3  73.0 *
031 2290144 ( 13.51520 +22.90000) 1.32 -3.00  91.3 +49.3  74.0 *
032 2290205 ( 22.63388 +22.90000) 1.52 -3.66  86.3 +41.0  82.0 *
033 2450023 (  2.31783 +24.50000) 1.16 -2.22  95.8 +59.8  83.0 *
034 2370206 ( 22.33355 +23.70000) 1.50 -3.62  85.5 +41.8  86.0 *
035 2450084 (  8.40695 +24.50000) 1.23 -2.63  92.0 +54.6  87.0 *
036 2290265 ( 26.54189 +22.90000) 1.60 -3.84  84.9 +38.7  90.0 *
037 2450146 ( 14.56106 +24.50000) 1.32 -3.04  88.7 +49.4  92.0 *
038 2370267 ( 26.70198 +23.70000) 1.59 -3.85  83.9 +38.9  97.0 *
039 2450207 ( 20.71517 +24.50000) 1.43 -3.45  85.7 +44.2 105.0 *
040 2450269 ( 26.86928 +24.50000) 1.59 -3.86  82.9 +39.0 109.0 *
