#No  Block  (       RA       Dec) Airm HA       Az   Alt   Key Other
001 2290022 (  2.65962 +22.90000) 1.02 -0.31 154.6 +80.1  49.0 *
002 2210031 (  5.66631 +22.10000) 1.02 -0.58 139.6 +77.4  49.0 *
003 2453592 (359.19113 +24.50000) 1.01 -0.15 164.4 +82.3  50.0 *
004 2453557 (355.67450 +24.50000) 1.01  0.17 197.8 +82.2  52.0 *
005 2210091 (  9.12006 +22.10000) 1.03 -0.72 133.0 +76.2  53.0 *
006 2373369 (336.85990 +23.70000) 1.07  1.43 251.8 +69.4  57.0 *
007 2453495 (349.52039 +24.50000) 1.02  0.58 228.2 +79.3  58.0 *
008 2290083 (  8.30452 +22.90000) 1.02 -0.67 133.1 +77.3  59.0 *
009 2453372 (337.21217 +24.50000) 1.06  1.40 253.4 +70.0  65.0 *
010 2373246 (324.62833 +23.70000) 1.16  2.24 263.0 +59.2  65.0 *
011 2290144 ( 13.51520 +22.90000) 1.04 -1.05 119.2 +73.4  67.0 *
012 2210152 ( 15.16413 +22.10000) 1.05 -1.13 119.2 +72.1  67.0 *
013 2450084 (  8.40695 +24.50000) 1.02 -0.67 127.4 +78.4  68.0 *
014 2453434 (343.36629 +24.50000) 1.04  0.99 244.1 +74.9  69.0 *
015 2450023 (  2.31783 +24.50000) 1.01 -0.27 153.6 +81.7  71.0 *
016 2453249 (324.90396 +24.50000) 1.16  2.23 264.3 +59.8  71.0 *
017 2533447 (344.71412 +25.30000) 1.03  0.90 244.2 +76.4  74.0 *
018 2533571 (357.10237 +25.30000) 1.01  0.08 189.2 +83.3  76.0 *
019 2453187 (318.74985 +24.50000) 1.23  2.64 268.1 +54.6  79.0 *
020 2453311 (331.05806 +24.50000) 1.10  1.82 259.6 +65.0  83.0 *
021 2530032 (  3.15237 +25.30000) 1.01 -0.32 146.1 +82.1  83.0 *
022 2533509 (350.90824 +25.30000) 1.01  0.49 226.0 +80.7  84.0 *
023 2533385 (338.51999 +25.30000) 1.05  1.32 254.0 +71.5  86.0 *
024 2613573 (357.28301 +26.10000) 1.01  0.05 186.8 +84.1  87.0 *
025 2533323 (332.32587 +25.30000) 1.09  1.73 260.3 +66.3  87.0 *
026 2613515 (351.49255 +26.10000) 1.01  0.45 227.1 +81.7  87.0 *
027 2450146 ( 14.56106 +24.50000) 1.04 -1.08 113.4 +73.9  88.0 *
028 2290205 ( 22.63388 +22.90000) 1.10 -1.70 105.5 +65.7  89.0 *
029 2453126 (312.59574 +24.50000) 1.32  3.05 271.4 +49.4  90.0 *
030 2370206 ( 22.33355 +23.70000) 1.09 -1.66 104.3 +66.5  91.0 *
031 2613453 (345.25666 +26.10000) 1.03  0.87 246.1 +77.2  94.0 *
032 2290265 ( 26.54189 +22.90000) 1.12 -1.88 102.8 +63.4  96.0 *
033 2533261 (326.13174 +25.30000) 1.14  2.14 264.9 +61.1 100.0 *
034 2610023 (  2.39574 +26.10000) 1.01 -0.27 147.5 +83.1 102.0 *
035 2530093 (  9.34649 +25.30000) 1.02 -0.74 121.7 +78.2 103.0 *
036 2450207 ( 20.71517 +24.50000) 1.07 -1.50 105.1 +68.9 104.0 *
037 2210333 ( 32.86461 +22.10000) 1.18 -2.32  99.0 +57.6 104.0 *
038 2370267 ( 26.70198 +23.70000) 1.12 -1.89 101.1 +63.6 105.0 *
039 2613328 (332.78488 +26.10000) 1.09  1.70 261.8 +67.0 107.0 *
040 2533137 (313.74349 +25.30000) 1.29  2.97 271.9 +50.6 108.0 *
041 2613390 (339.02077 +26.10000) 1.05  1.28 255.7 +72.2 108.0 *
042 2533199 (319.93762 +25.30000) 1.21  2.56 268.7 +55.9 110.0 *
043 2290326 ( 33.48946 +22.90000) 1.19 -2.38  97.0 +57.2 111.0 *
044 2610085 (  8.51867 +26.10000) 1.02 -0.68 120.6 +79.3 113.0 *
045 2530155 ( 15.54062 +25.30000) 1.04 -1.15 109.4 +73.5 115.0 *
046 2610148 ( 14.75456 +26.10000) 1.04 -1.10 108.0 +74.5 116.0 *
047 2370328 ( 32.81777 +23.70000) 1.17 -2.30  96.4 +58.5 116.0 *
048 2613141 (314.07721 +26.10000) 1.28  2.95 273.0 +51.2 118.0 *
049 2450269 ( 26.86928 +24.50000) 1.11 -1.91  99.3 +63.8 121.0 *
050 2613265 (326.54899 +26.10000) 1.14  2.12 266.2 +61.7 122.0 *
051 2530217 ( 21.73474 +25.30000) 1.08 -1.56 102.0 +68.4 125.0 *
052 2290387 ( 38.70014 +22.90000) 1.25 -2.69  93.9 +53.2 126.0 *
053 2613203 (320.31311 +26.10000) 1.20  2.53 269.9 +56.5 127.0 *
054 2370389 ( 38.93356 +23.70000) 1.25 -2.71  92.6 +53.3 131.0 *
055 2290448 ( 43.47659 +22.90000) 1.33 -3.06  90.8 +48.6 132.0 *
056 2610210 ( 20.99045 +26.10000) 1.07 -1.51 100.7 +69.3 133.0 *
057 2530279 ( 27.92887 +25.30000) 1.12 -1.98  96.8 +63.2 136.0 *
058 2450330 ( 33.02338 +24.50000) 1.18 -2.39  94.1 +57.7 137.0 *
059 2210454 ( 47.97477 +22.10000) 1.44 -3.40  89.1 +43.9 139.0 *
060 2530341 ( 34.12299 +25.30000) 1.18 -2.39  92.7 +58.0 144.0 *
061 2450392 ( 39.17749 +24.50000) 1.25 -2.73  91.2 +53.4 146.0 *
062 2370450 ( 45.04935 +23.70000) 1.34 -3.12  89.2 +48.2 149.0 *
063 2610272 ( 27.22634 +26.10000) 1.11 -1.93  95.6 +64.1 152.0 *
064 2450453 ( 45.33160 +24.50000) 1.34 -3.14  88.0 +48.2 156.0 *
065 2610335 ( 33.46222 +26.10000) 1.17 -2.35  91.7 +58.8 164.0 *
066 2530403 ( 40.31712 +25.30000) 1.26 -2.80  89.3 +52.7 168.0 *
067 2450515 ( 51.48571 +24.50000) 1.47 -3.55  85.0 +43.0 174.0 *
068 2530465 ( 46.51124 +25.30000) 1.36 -3.21  86.3 +47.5 177.0 *
069 2450576 ( 57.20024 +24.50000) 1.62 -3.94  82.4 +38.0 179.0 *
070 2610397 ( 39.69811 +26.10000) 1.24 -2.76  88.4 +53.5 182.0 *
071 2530527 ( 52.70537 +25.30000) 1.49 -3.63  83.5 +42.3 183.0 *
072 2610459 ( 45.93400 +26.10000) 1.34 -3.18  85.4 +48.3 197.0 *
073 2610522 ( 52.16989 +26.10000) 1.47 -3.59  82.7 +43.0 200.0 *
