#No  Block  (       RA       Dec) Airm HA       Az   Alt   Key Other
001 2373185 (318.51254 +23.70000) 1.01 -0.10 170.7 +81.6  22.0 *
002 2373124 (312.39675 +23.70000) 1.01  0.31 207.5 +80.8  23.0 *
003 2293296 (329.62964 +22.90000) 1.03 -0.84 126.0 +75.6  25.0 *
004 2373246 (324.62833 +23.70000) 1.02 -0.51 139.0 +79.4  27.0 *
005 2453187 (318.74985 +24.50000) 1.01 -0.11 168.1 +82.4  30.0 *
006 2293357 (335.70876 +22.90000) 1.06 -1.24 114.1 +71.2  30.0 *
007 2213346 (335.49963 +22.10000) 1.06 -1.26 115.7 +70.5  31.0 *
008 2213407 (338.52167 +22.10000) 1.08 -1.51 110.5 +67.6  33.0 *
009 2133405 (343.08578 +21.30000) 1.12 -1.83 106.8 +63.4  33.0 *
010 2373307 (330.74411 +23.70000) 1.03 -0.91 120.9 +75.4  36.0 *
011 2133465 (346.52041 +21.30000) 1.14 -1.97 104.8 +61.7  37.0 *
012 2453126 (312.59574 +24.50000) 1.01  0.30 208.8 +81.6  39.0 *
013 2453249 (324.90396 +24.50000) 1.02 -0.52 135.2 +79.8  41.0 *
014 2133525 (352.53098 +21.30000) 1.20 -2.37  99.8 +56.7  44.0 *
015 2133577 (357.68290 +21.30000) 1.27 -2.74  95.9 +52.0  46.0 *
016 2373369 (336.85990 +23.70000) 1.06 -1.32 110.3 +70.7  46.0 *
017 2453372 (337.21217 +24.50000) 1.06 -1.35 107.7 +70.8  48.0 *
018 2453311 (331.05806 +24.50000) 1.03 -0.93 117.6 +75.6  49.0 *
019 2373430 (342.97569 +23.70000) 1.10 -1.73 103.3 +65.7  52.0 *
020 2373491 (349.09149 +23.70000) 1.15 -2.14  98.2 +60.6  58.0 *
021 2130022 (  0.25885 +21.30000) 1.32 -2.97  93.8 +49.0  58.0 *
022 2213579 (358.81247 +22.10000) 1.29 -2.85  93.8 +51.0  60.0 *
023 2453434 (343.36629 +24.50000) 1.10 -1.76 101.2 +65.7  64.0 *
024 2373591 (359.13886 +23.70000) 1.28 -2.88  91.1 +51.1  66.0 *
025 2373552 (355.20728 +23.70000) 1.21 -2.54  94.0 +55.4  67.0 *
026 2210031 (  5.66631 +22.10000) 1.42 -3.33  89.7 +44.8  70.0 *
027 2370022 (  0.44937 +23.70000) 1.31 -2.99  90.3 +49.8  72.0 *
028 2453557 (355.67450 +24.50000) 1.22 -2.58  92.5 +55.3  72.0 *
029 2210091 (  9.12006 +22.10000) 1.47 -3.47  88.6 +43.0  74.0 *
030 2290022 (  2.65962 +22.90000) 1.33 -3.06  90.8 +48.6  74.0 *
031 2453495 (349.52039 +24.50000) 1.15 -2.17  96.4 +60.5  75.0 *
032 2210152 ( 15.16413 +22.10000) 1.63 -3.88  85.6 +37.9  79.0 *
033 2290083 (  8.30452 +22.90000) 1.44 -3.42  88.0 +44.0  80.0 *
034 2453592 (359.19113 +24.50000) 1.28 -2.90  89.8 +51.2  81.0 *
035 2290144 ( 13.51520 +22.90000) 1.58 -3.80  85.3 +39.2  82.0 *
036 2450023 (  2.31783 +24.50000) 1.31 -3.02  88.9 +49.7  90.0 *
037 2450084 (  8.40695 +24.50000) 1.43 -3.42  85.9 +44.5  95.0 *
038 2450146 ( 14.56106 +24.50000) 1.58 -3.83  83.1 +39.3 100.0 *
