#No  Block  (       RA       Dec) Airm HA       Az   Alt   Key Other
001 2290448 ( 43.47659 +22.90000) 1.01 -0.06 174.4 +80.9  37.0 *
002 2370450 ( 45.04935 +23.70000) 1.01 -0.12 168.4 +81.6  38.0 *
003 2450453 ( 45.33160 +24.50000) 1.01 -0.14 165.4 +82.3  39.0 *
004 2450392 ( 39.17749 +24.50000) 1.01  0.27 206.4 +81.7  42.0 *
005 2453495 (349.52039 +24.50000) 1.48  3.58 275.2 +42.6  47.0 *
006 2210454 ( 47.97477 +22.10000) 1.02 -0.41 149.5 +78.7  48.0 *
007 2453557 (355.67450 +24.50000) 1.35  3.17 272.3 +47.8  49.0 *
008 2453592 (359.19113 +24.50000) 1.27  2.84 269.8 +51.9  50.0 *
009 2450330 ( 33.02338 +24.50000) 1.02  0.60 229.1 +79.1  51.0 *
010 2530341 ( 34.12299 +25.30000) 1.02  0.61 232.4 +79.6  52.0 *
011 2450515 ( 51.48571 +24.50000) 1.02 -0.55 133.6 +79.6  53.0 *
012 2450023 (  2.31783 +24.50000) 1.25  2.73 268.8 +53.4  54.0 *
013 2450146 ( 14.56106 +24.50000) 1.11  1.91 260.8 +63.8  55.0 *
014 2450207 ( 20.71517 +24.50000) 1.07  1.50 255.0 +68.9  55.0 *
015 2530465 ( 46.51124 +25.30000) 1.01 -0.22 155.6 +82.7  57.0 *
016 2530403 ( 40.31712 +25.30000) 1.01  0.19 201.5 +82.9  57.0 *
017 2453434 (343.36629 +24.50000) 1.65  3.99 277.9 +37.4  59.0 *
018 2533447 (344.71412 +25.30000) 1.59  3.90 278.3 +38.8  61.0 *
019 2530279 ( 27.92887 +25.30000) 1.04  1.02 247.4 +75.1  63.0 *
020 2450576 ( 57.20024 +24.50000) 1.03 -0.95 117.2 +75.4  63.0 *
021 2610459 ( 45.93400 +26.10000) 1.01 -0.18 157.1 +83.7  64.0 *
022 2610335 ( 33.46222 +26.10000) 1.02  0.65 237.9 +79.7  65.0 *
023 2610397 ( 39.69811 +26.10000) 1.01  0.23 208.5 +83.4  65.0 *
024 2533509 (350.90824 +25.30000) 1.44  3.49 275.6 +44.1  66.0 *
025 2530155 ( 15.54062 +25.30000) 1.10  1.84 261.7 +64.9  66.0 *
026 2530217 ( 21.73474 +25.30000) 1.06  1.43 256.0 +70.1  67.0 *
027 2530527 ( 52.70537 +25.30000) 1.02 -0.63 126.2 +79.3  68.0 *
028 2530032 (  3.15237 +25.30000) 1.23  2.67 269.6 +54.4  69.0 *
029 2533571 (357.10237 +25.30000) 1.32  3.07 272.7 +49.3  72.0 *
030 2530093 (  9.34649 +25.30000) 1.16  2.26 266.0 +59.7  73.0 *
031 2613573 (357.28301 +26.10000) 1.31  3.05 273.7 +49.9  74.0 *
032 2610148 ( 14.75456 +26.10000) 1.11  1.90 264.0 +64.5  74.0 *
033 2610272 ( 27.22634 +26.10000) 1.04  1.07 251.3 +74.9  74.0 *
034 2610210 ( 20.99045 +26.10000) 1.07  1.48 258.9 +69.8  79.0 *
035 2530589 ( 58.89949 +25.30000) 1.04 -1.05 111.9 +74.7  79.0 *
036 2610522 ( 52.16989 +26.10000) 1.01 -0.60 124.5 +80.2  80.0 *
037 2450699 ( 72.58551 +24.50000) 1.13 -2.05  97.6 +62.0  81.0 *
038 2530651 ( 65.53606 +25.30000) 1.08 -1.57 102.0 +68.4  82.0 *
039 2610085 (  8.51867 +26.10000) 1.16  2.31 268.0 +59.2  84.0 *
040 2613515 (351.49255 +26.10000) 1.42  3.45 276.4 +44.8  85.0 *
041 2613453 (345.25666 +26.10000) 1.57  3.86 279.0 +39.6  86.0 *
042 2610584 ( 58.40578 +26.10000) 1.03 -1.01 109.9 +75.5  88.0 *
043 2610023 (  2.39574 +26.10000) 1.24  2.72 271.3 +54.1  88.0 *
044 2610646 ( 64.64167 +26.10000) 1.06 -1.43 101.9 +70.4 104.0 *
045 2610709 ( 70.87756 +26.10000) 1.10 -1.84  96.5 +65.2 107.0 *
