#No  Block  (       RA       Dec) Airm HA       Az   Alt   Key Other
001 2213407 (338.52167 +22.10000) 1.02 -0.50 144.1 +78.1  21.0 *
002 2133405 (343.08578 +21.30000) 1.04 -0.82 131.2 +74.7  22.0 *
003 2373307 (330.74411 +23.70000) 1.01  0.09 189.0 +81.6  24.0 *
004 2133465 (346.52041 +21.30000) 1.04 -0.96 126.3 +73.3  26.0 *
005 2373246 (324.62833 +23.70000) 1.02  0.50 220.7 +79.4  29.0 *
006 2373369 (336.85990 +23.70000) 1.01 -0.31 152.2 +80.8  32.0 *
007 2133525 (352.53098 +21.30000) 1.07 -1.36 115.4 +69.0  34.0 *
008 2453372 (337.21217 +24.50000) 1.01 -0.34 147.9 +81.3  35.0 *
009 2133577 (357.68290 +21.30000) 1.11 -1.73 108.3 +64.5  36.0 *
010 2453187 (318.74985 +24.50000) 1.03  0.89 241.1 +76.0  37.0 *
011 2373430 (342.97569 +23.70000) 1.02 -0.72 128.2 +77.4  37.0 *
012 2453249 (324.90396 +24.50000) 1.01  0.48 222.4 +80.2  38.0 *
013 2453311 (331.05806 +24.50000) 1.01  0.07 187.7 +82.5  39.0 *
014 2373491 (349.09149 +23.70000) 1.05 -1.13 114.7 +72.9  44.0 *
015 2130022 (  0.25885 +21.30000) 1.14 -1.96 104.8 +61.7  48.0 *
016 2213579 (358.81247 +22.10000) 1.12 -1.84 105.1 +63.6  49.0 *
017 2453126 (312.59574 +24.50000) 1.06  1.30 251.5 +71.3  51.0 *
018 2453434 (343.36629 +24.50000) 1.02 -0.75 124.3 +77.6  52.0 *
019 2373552 (355.20728 +23.70000) 1.08 -1.54 106.3 +68.1  56.0 *
020 2373591 (359.13886 +23.70000) 1.11 -1.87 101.3 +63.9  56.0 *
021 2453557 (355.67450 +24.50000) 1.08 -1.57 103.9 +68.0  59.0 *
022 2210031 (  5.66631 +22.10000) 1.18 -2.33  98.9 +57.6  60.0 *
023 2370022 (  0.44937 +23.70000) 1.13 -1.98 100.0 +62.6  62.0 *
024 2290022 (  2.65962 +22.90000) 1.14 -2.05 100.7 +61.4  63.0 *
025 2453495 (349.52039 +24.50000) 1.05 -1.16 111.7 +73.0  64.0 *
026 2210091 (  9.12006 +22.10000) 1.21 -2.46  97.4 +55.8  64.0 *
027 2290083 (  8.30452 +22.90000) 1.19 -2.41  96.7 +56.8  69.0 *
028 2210152 ( 15.16413 +22.10000) 1.29 -2.87  93.6 +50.7  69.0 *
029 2453592 (359.19113 +24.50000) 1.11 -1.89  99.4 +64.0  70.0 *
030 2290144 ( 13.51520 +22.90000) 1.27 -2.79  93.1 +52.0  71.0 *
031 2450023 (  2.31783 +24.50000) 1.13 -2.01  98.0 +62.5  80.0 *
032 2290205 ( 22.63388 +22.90000) 1.45 -3.44  87.8 +43.7  81.0 *
033 2370206 ( 22.33355 +23.70000) 1.43 -3.41  87.1 +44.5  83.0 *
034 2450084 (  8.40695 +24.50000) 1.19 -2.42  93.9 +57.4  84.0 *
035 2290265 ( 26.54189 +22.90000) 1.51 -3.63  86.5 +41.4  86.0 *
036 2450146 ( 14.56106 +24.50000) 1.27 -2.83  90.4 +52.2  89.0 *
037 2370267 ( 26.70198 +23.70000) 1.51 -3.64  85.4 +41.6  95.0 *
038 2450207 ( 20.71517 +24.50000) 1.37 -3.24  87.2 +46.9 102.0 *
039 2450269 ( 26.86928 +24.50000) 1.50 -3.65  84.3 +41.7 106.0 *
