#No  Block  (       RA       Dec) Airm HA       Az   Alt   Key Other
001 2450453 ( 45.33160 +24.50000) 1.01  0.44 219.5 +80.6  65.0 *
002 2450576 ( 57.20024 +24.50000) 1.01 -0.37 145.6 +81.1  68.0 *
003 2450146 ( 14.56106 +24.50000) 1.20  2.49 266.8 +56.4  71.0 *
004 2530465 ( 46.51124 +25.30000) 1.01  0.36 216.8 +81.8  73.0 *
005 2450023 (  2.31783 +24.50000) 1.39  3.31 273.3 +46.0  73.0 *
006 2450392 ( 39.17749 +24.50000) 1.03  0.85 239.5 +76.5  73.0 *
007 2450330 ( 33.02338 +24.50000) 1.05  1.18 248.9 +72.7  76.0 *
008 2610522 ( 52.16989 +26.10000) 1.01 -0.02 177.7 +84.1  77.0 *
009 2530527 ( 52.70537 +25.30000) 1.01 -0.05 173.8 +83.3  77.0 *
010 2453557 (355.67450 +24.50000) 1.54  3.75 276.3 +40.4  77.0 *
011 2450207 ( 20.71517 +24.50000) 1.14  2.08 262.7 +61.6  79.0 *
012 2530403 ( 40.31712 +25.30000) 1.02  0.77 239.7 +77.9  81.0 *
013 2453592 (359.19113 +24.50000) 1.43  3.42 274.1 +44.6  81.0 *
014 2530589 ( 58.89949 +25.30000) 1.01 -0.47 135.6 +81.0  83.0 *
015 2610459 ( 45.93400 +26.10000) 1.01  0.40 223.2 +82.2  85.0 *
016 2533571 (357.10237 +25.30000) 1.50  3.65 276.7 +41.9  86.0 *
017 2530279 ( 27.92887 +25.30000) 1.08  1.60 258.5 +68.0  87.0 *
018 2530032 (  3.15237 +25.30000) 1.37  3.25 274.0 +47.0  87.0 *
019 2530341 ( 34.12299 +25.30000) 1.05  1.19 251.4 +73.1  90.0 *
020 2530093 (  9.34649 +25.30000) 1.26  2.84 271.0 +52.3  91.0 *
021 2530217 ( 21.73474 +25.30000) 1.12  2.01 263.6 +62.8  91.0 *
022 2530155 ( 15.54062 +25.30000) 1.19  2.42 267.6 +57.5  93.0 *
023 2610210 ( 20.99045 +26.10000) 1.13  2.06 265.7 +62.4  94.0 *
024 2610584 ( 58.40578 +26.10000) 1.01 -0.43 134.3 +81.8  95.0 *
025 2610272 ( 27.22634 +26.10000) 1.08  1.65 261.1 +67.7  95.0 *
026 2610397 ( 39.69811 +26.10000) 1.02  0.81 244.3 +77.8  97.0 *
027 2610085 (  8.51867 +26.10000) 1.27  2.89 272.6 +51.9  98.0 *
028 2610023 (  2.39574 +26.10000) 1.37  3.30 275.4 +46.7  99.0 *
029 2530651 ( 65.53606 +25.30000) 1.03 -0.98 113.5 +75.4 100.0 *
030 2610335 ( 33.46222 +26.10000) 1.05  1.23 254.7 +72.9 100.0 *
031 2690463 ( 46.25490 +26.90000) 1.01  0.38 225.7 +82.9 100.0 *
032 2610148 ( 14.75456 +26.10000) 1.19  2.48 269.4 +57.2 101.0 *
033 2613573 (357.28301 +26.10000) 1.48  3.63 277.5 +42.6 102.0 *
034 2770466 ( 46.58945 +27.70000) 1.01  0.35 228.7 +83.7 105.0 *
035 2690337 ( 33.69599 +26.90000) 1.04  1.21 257.0 +73.4 105.0 *
036 2693575 (357.53632 +26.90000) 1.46  3.59 278.4 +43.2 107.0 *
037 2690400 ( 39.97544 +26.90000) 1.02  0.80 247.1 +78.4 107.0 *
038 2690274 ( 27.41654 +26.90000) 1.08  1.63 263.0 +68.1 108.0 *
039 2690086 (  8.57818 +26.90000) 1.27  2.89 273.8 +52.2 108.0 *
040 2690588 ( 58.81380 +26.90000) 1.01 -0.46 128.3 +82.1 109.0 *
041 2690023 (  2.38730 +26.90000) 1.37  3.30 276.5 +46.9 109.0 *
042 2450699 ( 72.58551 +24.50000) 1.07 -1.47 105.5 +69.2 110.0 *
043 2770339 ( 33.93971 +27.70000) 1.04  1.20 259.3 +73.9 112.0 *
044 2693522 (351.70540 +26.90000) 1.62  4.00 280.8 +38.2 112.0 *
045 2690149 ( 14.85763 +26.90000) 1.19  2.47 270.8 +57.5 113.0 *
046 2690211 ( 21.13708 +26.90000) 1.12  2.05 267.3 +62.8 114.0 *
047 2690651 ( 63.29913 +26.90000) 1.02 -0.82 112.1 +78.2 114.0 *
048 2610646 ( 64.64167 +26.10000) 1.02 -0.85 114.5 +77.4 115.0 *
049 2770403 ( 40.26458 +27.70000) 1.02  0.78 250.1 +79.0 116.0 *
050 2773538 (353.79744 +27.70000) 1.56  3.87 281.1 +40.0 119.0 *
051 2770592 ( 59.23919 +27.70000) 1.01 -0.49 121.9 +82.4 119.0 *
052 2770023 (  2.38930 +27.70000) 1.36  3.30 277.6 +47.2 120.0 *
053 2770086 (  8.64022 +27.70000) 1.26  2.88 275.0 +52.5 122.0 *
054 2770213 ( 21.28997 +27.70000) 1.12  2.04 268.9 +63.2 124.0 *
055 2610709 ( 70.87756 +26.10000) 1.05 -1.26 104.6 +72.4 126.0 *
056 2850597 ( 59.68250 +28.50000) 1.01 -0.52 115.3 +82.5 126.0 *
057 2770150 ( 14.96510 +27.70000) 1.18  2.46 272.1 +57.8 126.0 *
058 2770276 ( 27.61484 +27.70000) 1.07  1.62 264.9 +68.5 127.0 *
059 2850406 ( 40.56589 +28.50000) 1.02  0.76 253.5 +79.6 127.0 *
060 2773583 (358.31521 +27.70000) 1.43  3.51 278.9 +44.5 129.0 *
061 2850087 (  8.70488 +28.50000) 1.26  2.88 276.2 +52.8 133.0 *
062 2770656 ( 65.56406 +27.70000) 1.02 -0.91 106.3 +77.4 134.0 *
063 2850214 ( 21.44929 +28.50000) 1.12  2.03 270.5 +63.5 134.0 *
064 2850342 ( 34.19369 +28.50000) 1.04  1.18 261.9 +74.3 134.0 *
065 2853546 (354.62444 +28.50000) 1.53  3.82 281.7 +41.0 136.0 *
066 2850023 (  2.40191 +28.50000) 1.36  3.30 278.7 +47.5 138.0 *
067 2853587 (358.72086 +28.50000) 1.41  3.47 279.7 +45.3 139.0 *
068 2850151 ( 15.07709 +28.50000) 1.18  2.46 273.5 +58.1 140.0 *
069 2850278 ( 27.82149 +28.50000) 1.07  1.61 266.8 +68.9 141.0 *
070 2850661 ( 66.05471 +28.50000) 1.03 -0.94 102.1 +77.3 148.0 *
071 2770714 ( 69.17827 +27.70000) 1.04 -1.24 100.0 +73.3 154.0 *
072 2850711 ( 71.06144 +28.50000) 1.05 -1.32  96.3 +72.5 163.0 *
