#No  Block  (       RA       Dec) Airm HA       Az   Alt   Key Other
001 2210152 ( 15.16413 +22.10000) 1.02 -0.33 154.7 +79.2  44.0 *
002 2450084 (  8.40695 +24.50000) 1.01  0.12 192.4 +82.4  50.0 *
003 2453592 (359.19113 +24.50000) 1.02  0.64 231.1 +78.7  53.0 *
004 2453557 (355.67450 +24.50000) 1.03  0.97 243.4 +75.2  60.0 *
005 2370206 ( 22.33355 +23.70000) 1.03 -0.87 122.4 +75.8  64.0 *
006 2290205 ( 22.63388 +22.90000) 1.04 -0.91 123.6 +74.9  64.0 *
007 2450146 ( 14.56106 +24.50000) 1.01 -0.29 151.7 +81.6  65.0 *
008 2450023 (  2.31783 +24.50000) 1.02  0.53 224.9 +79.8  67.0 *
009 2453495 (349.52039 +24.50000) 1.06  1.38 252.9 +70.4  69.0 *
010 2373369 (336.85990 +23.70000) 1.16  2.22 262.8 +59.5  71.0 *
011 2290265 ( 26.54189 +22.90000) 1.05 -1.09 118.0 +72.9  71.0 *
012 2450207 ( 20.71517 +24.50000) 1.02 -0.70 126.2 +78.1  75.0 *
013 2370267 ( 26.70198 +23.70000) 1.04 -1.10 115.4 +73.3  75.0 *
014 2453372 (337.21217 +24.50000) 1.15  2.20 264.0 +60.1  76.0 *
015 2530032 (  3.15237 +25.30000) 1.01  0.47 224.7 +80.9  77.0 *
016 2373246 (324.62833 +23.70000) 1.32  3.04 270.2 +49.2  79.0 *
017 2453434 (343.36629 +24.50000) 1.10  1.79 259.3 +65.3  80.0 *
018 2210333 ( 32.86461 +22.10000) 1.08 -1.53 110.2 +67.4  81.0 *
019 2453249 (324.90396 +24.50000) 1.31  3.02 271.2 +49.7  81.0 *
020 2530093 (  9.34649 +25.30000) 1.01  0.06 186.7 +83.3  83.0 *
021 2533571 (357.10237 +25.30000) 1.03  0.87 243.2 +76.7  83.0 *
022 2370328 ( 32.81777 +23.70000) 1.08 -1.51 106.8 +68.4  87.0 *
023 2533447 (344.71412 +25.30000) 1.09  1.70 259.9 +66.7  87.0 *
024 2610023 (  2.39574 +26.10000) 1.01  0.52 231.3 +81.0  87.0 *
025 2290326 ( 33.48946 +22.90000) 1.09 -1.58 107.4 +67.1  87.0 *
026 2530155 ( 15.54062 +25.30000) 1.01 -0.36 143.6 +81.9  89.0 *
027 2453126 (312.59574 +24.50000) 1.58  3.84 277.0 +39.3  89.0 *
028 2610148 ( 14.75456 +26.10000) 1.01 -0.30 144.7 +82.9  90.0 *
029 2533509 (350.90824 +25.30000) 1.05  1.29 253.4 +71.8  91.0 *
030 2453187 (318.74985 +24.50000) 1.43  3.43 274.2 +44.5  91.0 *
031 2453311 (331.05806 +24.50000) 1.22  2.61 267.8 +54.9  92.0 *
032 2613573 (357.28301 +26.10000) 1.02  0.85 245.4 +77.5  94.0 *
033 2450269 ( 26.86928 +24.50000) 1.04 -1.11 112.8 +73.6  95.0 *
034 2530217 ( 21.73474 +25.30000) 1.02 -0.77 120.5 +77.9  98.0 *
035 2610085 (  8.51867 +26.10000) 1.01  0.11 194.5 +84.0  99.0 *
036 2290387 ( 38.70014 +22.90000) 1.12 -1.90 102.6 +63.2  99.0 *
037 2533323 (332.32587 +25.30000) 1.20  2.53 268.4 +56.3  99.0 *
038 2533385 (338.51999 +25.30000) 1.14  2.11 264.6 +61.5 100.0 *
039 2370389 ( 38.93356 +23.70000) 1.12 -1.92 100.8 +63.4 102.0 *
040 2530279 ( 27.92887 +25.30000) 1.05 -1.18 108.7 +73.1 104.0 *
041 2450330 ( 33.02338 +24.50000) 1.08 -1.60 103.4 +67.7 106.0 *
042 2290448 ( 43.47659 +22.90000) 1.17 -2.26  98.2 +58.7 106.0 *
043 2610210 ( 20.99045 +26.10000) 1.02 -0.72 119.1 +78.9 108.0 *
044 2613515 (351.49255 +26.10000) 1.05  1.25 255.0 +72.7 111.0 *
045 2613453 (345.25666 +26.10000) 1.08  1.66 261.3 +67.5 116.0 *
046 2370450 ( 45.04935 +23.70000) 1.18 -2.32  96.2 +58.2 116.0 *
047 2533137 (313.74349 +25.30000) 1.54  3.76 277.4 +40.5 117.0 *
048 2533261 (326.13174 +25.30000) 1.29  2.94 271.7 +51.0 118.0 *
049 2530341 ( 34.12299 +25.30000) 1.08 -1.59 101.5 +68.0 118.0 *
050 2210454 ( 47.97477 +22.10000) 1.24 -2.61  96.0 +54.0 118.0 *
051 2533199 (319.93762 +25.30000) 1.40  3.35 274.7 +45.8 120.0 *
052 2613328 (332.78488 +26.10000) 1.19  2.49 269.6 +56.9 121.0 *
053 2450392 ( 39.17749 +24.50000) 1.12 -1.93  99.0 +63.5 121.0 *
054 2613265 (326.54899 +26.10000) 1.28  2.91 272.7 +51.6 124.0 *
055 2613390 (339.02077 +26.10000) 1.13  2.08 265.9 +62.2 124.0 *
056 2613141 (314.07721 +26.10000) 1.52  3.74 278.3 +41.1 126.0 *
057 2450453 ( 45.33160 +24.50000) 1.18 -2.34  94.6 +58.3 128.0 *
058 2610272 ( 27.22634 +26.10000) 1.04 -1.13 107.2 +74.0 135.0 *
059 2610335 ( 33.46222 +26.10000) 1.07 -1.55 100.1 +68.9 137.0 *
060 2613203 (320.31311 +26.10000) 1.38  3.33 275.6 +46.4 138.0 *
061 2450515 ( 51.48571 +24.50000) 1.25 -2.75  91.0 +53.1 143.0 *
062 2530403 ( 40.31712 +25.30000) 1.12 -2.01  96.5 +62.8 145.0 *
063 2530465 ( 46.51124 +25.30000) 1.18 -2.42  92.5 +57.6 151.0 *
064 2610397 ( 39.69811 +26.10000) 1.12 -1.97  95.2 +63.6 155.0 *
065 2450576 ( 57.20024 +24.50000) 1.34 -3.15  87.9 +48.1 161.0 *
066 2530527 ( 52.70537 +25.30000) 1.26 -2.83  89.1 +52.3 164.0 *
067 2610459 ( 45.93400 +26.10000) 1.17 -2.38  91.4 +58.4 171.0 *
068 2530589 ( 58.89949 +25.30000) 1.37 -3.25  86.1 +47.1 171.0 *
069 2530651 ( 65.53606 +25.30000) 1.54 -3.77  82.6 +40.5 175.0 *
070 2610522 ( 52.16989 +26.10000) 1.25 -2.80  88.1 +53.1 190.0 *
071 2610584 ( 58.40578 +26.10000) 1.35 -3.21  85.2 +47.8 192.0 *
072 2610646 ( 64.64167 +26.10000) 1.48 -3.63  82.5 +42.5 194.0 *
