#No  Block  (       RA       Dec) Airm HA       Az   Alt   Key Other
001 2213286 (326.43355 +22.10000) 1.04 -0.98 123.5 +73.7  21.0 *
002 2293236 (323.55052 +22.90000) 1.03 -0.71 131.2 +76.9  23.0 *
003 2373124 (312.39675 +23.70000) 1.01  0.03 183.3 +81.7  26.0 *
004 2373185 (318.51254 +23.70000) 1.01 -0.37 147.7 +80.4  26.0 *
005 2293296 (329.62964 +22.90000) 1.05 -1.11 117.3 +72.6  27.0 *
006 2453187 (318.74985 +24.50000) 1.01 -0.39 144.0 +80.9  31.0 *
007 2373246 (324.62833 +23.70000) 1.03 -0.78 125.7 +76.8  31.0 *
008 2213346 (335.49963 +22.10000) 1.08 -1.54 110.0 +67.3  32.0 *
009 2293357 (335.70876 +22.90000) 1.08 -1.52 108.5 +67.9  34.0 *
010 2453126 (312.59574 +24.50000) 1.01  0.02 182.2 +82.5  36.0 *
011 2133405 (343.08578 +21.30000) 1.15 -2.10 102.9 +60.0  36.0 *
012 2373307 (330.74411 +23.70000) 1.05 -1.19 113.2 +72.2  37.0 *
013 2213407 (338.52167 +22.10000) 1.11 -1.78 105.9 +64.3  38.0 *
014 2453249 (324.90396 +24.50000) 1.03 -0.80 122.2 +77.1  39.0 *
015 2133465 (346.52041 +21.30000) 1.18 -2.24 101.2 +58.3  42.0 *
016 2133525 (352.53098 +21.30000) 1.25 -2.64  96.9 +53.2  47.0 *
017 2373369 (336.85990 +23.70000) 1.08 -1.60 105.3 +67.3  48.0 *
018 2133577 (357.68290 +21.30000) 1.34 -3.02  93.4 +48.5  51.0 *
019 2373430 (342.97569 +23.70000) 1.13 -2.00  99.7 +62.3  51.0 *
020 2453311 (331.05806 +24.50000) 1.05 -1.21 110.5 +72.4  52.0 *
021 2453372 (337.21217 +24.50000) 1.08 -1.62 103.1 +67.4  53.0 *
022 2130022 (  0.25885 +21.30000) 1.40 -3.25  91.4 +45.5  62.0 *
023 2373491 (349.09149 +23.70000) 1.19 -2.41  95.3 +57.1  63.0 *
024 2213579 (358.81247 +22.10000) 1.36 -3.12  91.4 +47.5  64.0 *
025 2453434 (343.36629 +24.50000) 1.13 -2.03  97.8 +62.3  68.0 *
026 2373552 (355.20728 +23.70000) 1.27 -2.82  91.6 +51.9  70.0 *
027 2373591 (359.13886 +23.70000) 1.35 -3.16  88.9 +47.6  71.0 *
028 2210031 (  5.66631 +22.10000) 1.52 -3.61  87.6 +41.3  75.0 *
029 2370022 (  0.44937 +23.70000) 1.38 -3.26  88.1 +46.3  75.0 *
030 2453557 (355.67450 +24.50000) 1.27 -2.85  90.2 +51.8  76.0 *
031 2210091 (  9.12006 +22.10000) 1.57 -3.75  86.5 +39.5  77.0 *
032 2453495 (349.52039 +24.50000) 1.19 -2.44  93.7 +57.1  78.0 *
033 2290022 (  2.65962 +22.90000) 1.41 -3.33  88.7 +45.1  79.0 *
034 2290083 (  8.30452 +22.90000) 1.54 -3.69  86.0 +40.5  82.0 *
035 2453592 (359.19113 +24.50000) 1.35 -3.18  87.7 +47.7  85.0 *
036 2450023 (  2.31783 +24.50000) 1.39 -3.29  86.8 +46.2  93.0 *
037 2450084 (  8.40695 +24.50000) 1.52 -3.70  84.0 +41.1  99.0 *
