#No  Block  (       RA       Dec) Airm HA       Az   Alt   Key Other
001 2133165 (316.03820 +21.30000) 1.07 -1.35 115.5 +69.0   9.0 *
002 2293114 (311.39227 +22.90000) 1.04 -1.03 119.7 +73.6  12.0 *
003 2213165 (316.50400 +22.10000) 1.07 -1.37 113.3 +69.3  13.0 *
004 2053216 (319.90915 +20.50000) 1.10 -1.66 111.2 +65.0  16.0 *
005 2213225 (322.54807 +22.10000) 1.11 -1.77 106.0 +64.4  23.0 *
006 2373124 (312.39675 +23.70000) 1.04 -1.10 115.5 +73.3  23.0 *
007 2293175 (317.47139 +22.90000) 1.07 -1.43 110.1 +68.9  23.0 *
008 2453126 (312.59574 +24.50000) 1.04 -1.11 112.8 +73.6  26.0 *
009 2293236 (323.55052 +22.90000) 1.11 -1.84 103.4 +64.0  31.0 *
010 2213286 (326.43355 +22.10000) 1.15 -2.11 101.4 +60.3  34.0 *
011 2373185 (318.51254 +23.70000) 1.08 -1.50 106.9 +68.5  35.0 *
012 2293296 (329.62964 +22.90000) 1.17 -2.25  98.4 +58.9  38.0 *
013 2373246 (324.62833 +23.70000) 1.12 -1.91 100.8 +63.4  39.0 *
014 2453187 (318.74985 +24.50000) 1.07 -1.52 104.7 +68.6  42.0 *
015 2213346 (335.49963 +22.10000) 1.25 -2.67  95.4 +53.3  43.0 *
016 2453249 (324.90396 +24.50000) 1.12 -1.93  99.0 +63.5  47.0 *
017 2293357 (335.70876 +22.90000) 1.24 -2.65  94.3 +53.8  48.0 *
018 2133405 (343.08578 +21.30000) 1.40 -3.23  91.5 +45.7  49.0 *
019 2373307 (330.74411 +23.70000) 1.18 -2.32  96.2 +58.3  49.0 *
020 2213407 (338.52167 +22.10000) 1.30 -2.91  93.2 +50.1  51.0 *
021 2133465 (346.52041 +21.30000) 1.44 -3.37  90.4 +44.0  53.0 *
022 2373369 (336.85990 +23.70000) 1.25 -2.73  92.4 +53.1  55.0 *
023 2453311 (331.05806 +24.50000) 1.17 -2.34  94.6 +58.3  56.0 *
024 2133525 (352.53098 +21.30000) 1.59 -3.77  87.3 +38.9  60.0 *
025 2373430 (342.97569 +23.70000) 1.35 -3.13  89.1 +47.9  65.0 *
026 2453372 (337.21217 +24.50000) 1.25 -2.75  91.0 +53.1  67.0 *
027 2373491 (349.09149 +23.70000) 1.47 -3.54  86.1 +42.7  71.0 *
028 2453434 (343.36629 +24.50000) 1.35 -3.16  87.8 +47.9  72.0 *
029 2373552 (355.20728 +23.70000) 1.64 -3.95  83.2 +37.6  73.0 *
030 2453495 (349.52039 +24.50000) 1.47 -3.57  84.9 +42.7  84.0 *
031 2453557 (355.67450 +24.50000) 1.64 -3.98  82.1 +37.5  88.0 *
