#No  Block  (       RA       Dec) Airm HA       Az   Alt   Key Other
001 2133105 (310.45695 +21.30000) 1.09 -1.61 110.4 +66.0   6.0 *
002 2213105 (310.45993 +22.10000) 1.09 -1.61 108.7 +66.4   7.0 *
003 2053156 (315.63872 +20.50000) 1.14 -1.95 106.4 +61.4  12.0 *
004 2133165 (316.03820 +21.30000) 1.14 -2.00 104.4 +61.3  16.0 *
005 2293114 (311.39227 +22.90000) 1.09 -1.67 105.9 +66.1  17.0 *
006 2213165 (316.50400 +22.10000) 1.14 -2.01 102.7 +61.5  17.0 *
007 2053216 (319.90915 +20.50000) 1.19 -2.30 101.9 +57.2  22.0 *
008 2373124 (312.39675 +23.70000) 1.10 -1.74 103.2 +65.6  26.0 *
009 2293175 (317.47139 +22.90000) 1.14 -2.08 100.4 +61.0  29.0 *
010 2453126 (312.59574 +24.50000) 1.10 -1.75 101.2 +65.8  29.0 *
011 2213225 (322.54807 +22.10000) 1.20 -2.41  97.9 +56.4  31.0 *
012 2293236 (323.55052 +22.90000) 1.21 -2.48  96.0 +55.9  38.0 *
013 2373185 (318.51254 +23.70000) 1.15 -2.15  98.1 +60.5  40.0 *
014 2213286 (326.43355 +22.10000) 1.27 -2.75  94.6 +52.2  41.0 *
015 2373246 (324.62833 +23.70000) 1.22 -2.55  94.0 +55.3  45.0 *
016 2293296 (329.62964 +22.90000) 1.29 -2.89  92.2 +50.8  45.0 *
017 2453187 (318.74985 +24.50000) 1.15 -2.16  96.4 +60.6  45.0 *
018 2213346 (335.49963 +22.10000) 1.41 -3.31  89.9 +45.1  52.0 *
019 2373307 (330.74411 +23.70000) 1.30 -2.96  90.5 +50.1  55.0 *
020 2293357 (335.70876 +22.90000) 1.40 -3.29  89.0 +45.6  55.0 *
021 2453249 (324.90396 +24.50000) 1.21 -2.57  92.5 +55.4  56.0 *
022 2213407 (338.52167 +22.10000) 1.50 -3.56  88.0 +42.0  56.0 *
023 2133405 (343.08578 +21.30000) 1.64 -3.88  86.5 +37.6  56.0 *
024 2453311 (331.05806 +24.50000) 1.30 -2.98  89.1 +50.2  60.0 *
025 2373369 (336.85990 +23.70000) 1.42 -3.37  87.3 +45.0  61.0 *
026 2373430 (342.97569 +23.70000) 1.56 -3.78  84.4 +39.8  70.0 *
027 2453372 (337.21217 +24.50000) 1.42 -3.39  86.1 +45.0  71.0 *
028 2453434 (343.36629 +24.50000) 1.56 -3.80  83.3 +39.8  76.0 *
