#No  Block  (       RA       Dec) Airm HA       Az   Alt   Key Other
001 2373124 (312.39675 +23.70000) 1.02  0.52 222.0 +79.2  24.0 *
002 2293296 (329.62964 +22.90000) 1.02 -0.63 135.1 +77.7  25.0 *
003 2373246 (324.62833 +23.70000) 1.01 -0.29 153.8 +80.9  27.0 *
004 2453187 (318.74985 +24.50000) 1.01  0.10 190.4 +82.4  29.0 *
005 2293357 (335.70876 +22.90000) 1.04 -1.03 119.6 +73.6  29.0 *
006 2213346 (335.49963 +22.10000) 1.05 -1.05 121.4 +72.9  29.0 *
007 2133405 (343.08578 +21.30000) 1.10 -1.61 110.3 +66.0  30.0 *
008 2213407 (338.52167 +22.10000) 1.06 -1.29 114.9 +70.1  31.0 *
009 2373307 (330.74411 +23.70000) 1.02 -0.70 129.1 +77.6  32.0 *
010 2133465 (346.52041 +21.30000) 1.11 -1.75 108.0 +64.3  35.0 *
011 2453249 (324.90396 +24.50000) 1.01 -0.31 150.0 +81.5  36.0 *
012 2453126 (312.59574 +24.50000) 1.02  0.51 224.0 +80.0  39.0 *
013 2133525 (352.53098 +21.30000) 1.16 -2.15 102.3 +59.4  42.0 *
014 2373369 (336.85990 +23.70000) 1.04 -1.11 115.2 +73.2  43.0 *
015 2453311 (331.05806 +24.50000) 1.02 -0.72 125.4 +77.9  45.0 *
016 2453372 (337.21217 +24.50000) 1.04 -1.13 112.3 +73.3  46.0 *
017 2133577 (357.68290 +21.30000) 1.23 -2.53  98.1 +54.7  46.0 *
018 2373430 (342.97569 +23.70000) 1.08 -1.52 106.7 +68.3  48.0 *
019 2373491 (349.09149 +23.70000) 1.12 -1.92 100.7 +63.3  52.0 *
020 2130022 (  0.25885 +21.30000) 1.27 -2.76  95.7 +51.8  55.0 *
021 2213579 (358.81247 +22.10000) 1.24 -2.63  95.7 +53.7  58.0 *
022 2453434 (343.36629 +24.50000) 1.08 -1.54 104.3 +68.4  61.0 *
023 2373591 (359.13886 +23.70000) 1.24 -2.67  92.9 +53.9  64.0 *
024 2373552 (355.20728 +23.70000) 1.18 -2.33  96.1 +58.1  64.0 *
025 2453557 (355.67450 +24.50000) 1.18 -2.36  94.4 +58.1  67.0 *
026 2210031 (  5.66631 +22.10000) 1.36 -3.12  91.4 +47.5  68.0 *
027 2370022 (  0.44937 +23.70000) 1.26 -2.77  92.0 +52.6  70.0 *
028 2453495 (349.52039 +24.50000) 1.12 -1.95  98.7 +63.2  72.0 *
029 2210091 (  9.12006 +22.10000) 1.40 -3.26  90.3 +45.7  72.0 *
030 2290022 (  2.65962 +22.90000) 1.28 -2.84  92.6 +51.3  73.0 *
031 2290083 (  8.30452 +22.90000) 1.37 -3.20  89.6 +46.7  75.0 *
032 2210152 ( 15.16413 +22.10000) 1.54 -3.66  87.2 +40.6  77.0 *
033 2453592 (359.19113 +24.50000) 1.24 -2.69  91.5 +53.9  78.0 *
034 2290144 ( 13.51520 +22.90000) 1.50 -3.58  86.8 +41.9  80.0 *
035 2450023 (  2.31783 +24.50000) 1.26 -2.80  90.5 +52.4  87.0 *
036 2450084 (  8.40695 +24.50000) 1.36 -3.21  87.4 +47.3  92.0 *
037 2450146 ( 14.56106 +24.50000) 1.49 -3.62  84.5 +42.1  97.0 *
