#No  Block  (       RA       Dec) Airm HA       Az   Alt   Key Other
001 2130022 (  0.25885 +21.30000) 1.03 -0.77 133.0 +75.2  26.0 *
002 2373591 (359.13886 +23.70000) 1.02 -0.68 129.8 +77.8  33.0 *
003 2373430 (342.97569 +23.70000) 1.02  0.47 218.8 +79.7  35.0 *
004 2373552 (355.20728 +23.70000) 1.01 -0.34 149.8 +80.6  35.0 *
005 2373369 (336.85990 +23.70000) 1.03  0.88 237.9 +75.7  35.0 *
006 2210031 (  5.66631 +22.10000) 1.05 -1.13 118.9 +72.0  36.0 *
007 2370022 (  0.44937 +23.70000) 1.03 -0.79 125.5 +76.7  39.0 *
008 2453557 (355.67450 +24.50000) 1.01 -0.38 145.0 +81.0  40.0 *
009 2290022 (  2.65962 +22.90000) 1.03 -0.86 125.3 +75.5  40.0 *
010 2210091 (  9.12006 +22.10000) 1.06 -1.27 115.5 +70.4  41.0 *
011 2453434 (343.36629 +24.50000) 1.01  0.44 219.9 +80.5  43.0 *
012 2453372 (337.21217 +24.50000) 1.03  0.85 239.8 +76.5  44.0 *
013 2373246 (324.62833 +23.70000) 1.09  1.69 256.2 +66.1  45.0 *
014 2453495 (349.52039 +24.50000) 1.01  0.03 183.6 +82.5  46.0 *
015 2210152 ( 15.16413 +22.10000) 1.10 -1.68 107.6 +65.6  47.0 *
016 2290144 ( 13.51520 +22.90000) 1.09 -1.60 107.2 +67.0  48.0 *
017 2290083 (  8.30452 +22.90000) 1.05 -1.22 114.7 +71.5  48.0 *
018 2453187 (318.74985 +24.50000) 1.14  2.09 262.8 +61.6  50.0 *
019 2453311 (331.05806 +24.50000) 1.05  1.27 250.7 +71.7  53.0 *
020 2453592 (359.19113 +24.50000) 1.02 -0.70 126.2 +78.1  53.0 *
021 2453249 (324.90396 +24.50000) 1.09  1.68 257.7 +66.7  59.0 *
022 2450023 (  2.31783 +24.50000) 1.03 -0.82 121.5 +76.9  61.0 *
023 2290205 ( 22.63388 +22.90000) 1.17 -2.25  98.4 +58.9  61.0 *
024 2450084 (  8.40695 +24.50000) 1.05 -1.22 110.2 +72.2  64.0 *
025 2370206 ( 22.33355 +23.70000) 1.16 -2.21  97.3 +59.6  65.0 *
026 2210333 ( 32.86461 +22.10000) 1.29 -2.87  93.5 +50.7  67.0 *
027 2290265 ( 26.54189 +22.90000) 1.20 -2.43  96.4 +56.5  67.0 *
028 2453126 (312.59574 +24.50000) 1.20  2.50 266.8 +56.4  70.0 *
029 2370267 ( 26.70198 +23.70000) 1.20 -2.44  95.0 +56.7  75.0 *
030 2290326 ( 33.48946 +22.90000) 1.30 -2.93  91.9 +50.3  76.0 *
031 2450207 ( 20.71517 +24.50000) 1.13 -2.05  97.7 +62.1  78.0 *
032 2370328 ( 32.81777 +23.70000) 1.28 -2.85  91.4 +51.5  79.0 *
033 2450146 ( 14.56106 +24.50000) 1.08 -1.63 102.9 +67.2  82.0 *
034 2290448 ( 43.47659 +22.90000) 1.51 -3.61  86.6 +41.6  82.0 *
035 2290387 ( 38.70014 +22.90000) 1.38 -3.24  89.3 +46.2  83.0 *
036 2210454 ( 47.97477 +22.10000) 1.67 -3.95  85.1 +36.9  87.0 *
037 2370389 ( 38.93356 +23.70000) 1.38 -3.26  88.1 +46.3  91.0 *
038 2450330 ( 33.02338 +24.50000) 1.29 -2.94  89.4 +50.7  93.0 *
039 2450269 ( 26.86928 +24.50000) 1.19 -2.46  93.5 +56.9  96.0 *
040 2370450 ( 45.04935 +23.70000) 1.52 -3.67  85.2 +41.2 100.0 *
041 2450453 ( 45.33160 +24.50000) 1.52 -3.69  84.1 +41.2 105.0 *
042 2450392 ( 39.17749 +24.50000) 1.38 -3.28  86.9 +46.4 105.0 *
