#No  Block  (       RA       Dec) Airm HA       Az   Alt   Key Other
001 2290144 ( 13.51520 +22.90000) 1.02 -0.40 147.8 +79.5  47.0 *
002 2210152 ( 15.16413 +22.10000) 1.02 -0.48 145.0 +78.2  49.0 *
003 2450084 (  8.40695 +24.50000) 1.01 -0.03 176.5 +82.5  50.0 *
004 2453592 (359.19113 +24.50000) 1.02  0.49 222.8 +80.1  52.0 *
005 2453557 (355.67450 +24.50000) 1.03  0.82 238.4 +76.9  59.0 *
006 2453495 (349.52039 +24.50000) 1.05  1.23 249.9 +72.2  66.0 *
007 2450023 (  2.31783 +24.50000) 1.01  0.37 214.8 +81.1  66.0 *
008 2370206 ( 22.33355 +23.70000) 1.04 -1.02 117.6 +74.1  69.0 *
009 2290205 ( 22.63388 +22.90000) 1.04 -1.06 118.9 +73.3  69.0 *
010 2450146 ( 14.56106 +24.50000) 1.01 -0.44 140.2 +80.5  70.0 *
011 2373369 (336.85990 +23.70000) 1.14  2.07 261.1 +61.4  71.0 *
012 2453372 (337.21217 +24.50000) 1.13  2.05 262.4 +62.0  73.0 *
013 2530032 (  3.15237 +25.30000) 1.01  0.32 213.3 +82.1  75.0 *
014 2453434 (343.36629 +24.50000) 1.08  1.64 257.1 +67.2  76.0 *
015 2290265 ( 26.54189 +22.90000) 1.06 -1.24 114.1 +71.2  77.0 *
016 2453249 (324.90396 +24.50000) 1.28  2.87 270.0 +51.6  80.0 *
017 2373246 (324.62833 +23.70000) 1.28  2.89 268.9 +51.1  80.0 *
018 2533571 (357.10237 +25.30000) 1.02  0.72 237.6 +78.4  81.0 *
019 2450207 ( 20.71517 +24.50000) 1.03 -0.85 120.3 +76.5  81.0 *
020 2370267 ( 26.70198 +23.70000) 1.05 -1.25 111.8 +71.5  81.0 *
021 2533447 (344.71412 +25.30000) 1.07  1.55 257.8 +68.6  83.0 *
022 2530093 (  9.34649 +25.30000) 1.01 -0.10 168.9 +83.2  84.0 *
023 2210333 ( 32.86461 +22.10000) 1.10 -1.68 107.5 +65.6  85.0 *
024 2610023 (  2.39574 +26.10000) 1.01  0.37 220.8 +82.4  85.0 *
025 2533509 (350.90824 +25.30000) 1.04  1.13 250.2 +73.7  87.0 *
026 2453311 (331.05806 +24.50000) 1.19  2.46 266.5 +56.9  89.0 *
027 2453126 (312.59574 +24.50000) 1.52  3.69 275.9 +41.2  89.0 *
028 2453187 (318.74985 +24.50000) 1.38  3.28 273.1 +46.4  90.0 *
029 2613573 (357.28301 +26.10000) 1.02  0.69 239.8 +79.2  92.0 *
030 2290326 ( 33.48946 +22.90000) 1.10 -1.74 104.9 +65.3  92.0 *
031 2370328 ( 32.81777 +23.70000) 1.09 -1.66 104.3 +66.5  93.0 *
032 2530155 ( 15.54062 +25.30000) 1.01 -0.51 132.9 +80.6  94.0 *
033 2610148 ( 14.75456 +26.10000) 1.01 -0.46 132.7 +81.6  95.0 *
034 2533323 (332.32587 +25.30000) 1.18  2.37 267.1 +58.2  96.0 *
035 2533385 (338.51999 +25.30000) 1.12  1.96 263.0 +63.4  97.0 *
036 2610085 (  8.51867 +26.10000) 1.01 -0.04 174.7 +84.1 100.0 *
037 2450269 ( 26.86928 +24.50000) 1.05 -1.26 109.3 +71.7 101.0 *
038 2530217 ( 21.73474 +25.30000) 1.03 -0.92 115.3 +76.2 104.0 *
039 2290387 ( 38.70014 +22.90000) 1.14 -2.05 100.7 +61.3 106.0 *
040 2613515 (351.49255 +26.10000) 1.04  1.09 252.0 +74.5 106.0 *
041 2370389 ( 38.93356 +23.70000) 1.14 -2.07  98.9 +61.5 108.0 *
042 2530279 ( 27.92887 +25.30000) 1.06 -1.33 105.7 +71.2 110.0 *
043 2290448 ( 43.47659 +22.90000) 1.20 -2.42  96.6 +56.7 111.0 *
044 2450330 ( 33.02338 +24.50000) 1.10 -1.75 101.3 +65.8 112.0 *
045 2610210 ( 20.99045 +26.10000) 1.03 -0.87 113.8 +77.2 114.0 *
046 2613453 (345.25666 +26.10000) 1.07  1.51 259.3 +69.4 114.0 *
047 2533261 (326.13174 +25.30000) 1.25  2.79 270.5 +53.0 116.0 *
048 2613328 (332.78488 +26.10000) 1.17  2.34 268.3 +58.9 118.0 *
049 2533137 (313.74349 +25.30000) 1.48  3.61 276.4 +42.5 118.0 *
050 2533199 (319.93762 +25.30000) 1.35  3.20 273.6 +47.7 119.0 *
051 2613390 (339.02077 +26.10000) 1.11  1.93 264.4 +64.2 121.0 *
052 2613265 (326.54899 +26.10000) 1.24  2.76 271.6 +53.6 122.0 *
053 2370450 ( 45.04935 +23.70000) 1.20 -2.48  94.7 +56.3 122.0 *
054 2210454 ( 47.97477 +22.10000) 1.27 -2.76  94.5 +52.0 122.0 *
055 2530341 ( 34.12299 +25.30000) 1.09 -1.75  99.5 +66.1 124.0 *
056 2613141 (314.07721 +26.10000) 1.47  3.59 277.3 +43.0 127.0 *
057 2450392 ( 39.17749 +24.50000) 1.14 -2.08  97.2 +61.6 127.0 *
058 2450453 ( 45.33160 +24.50000) 1.20 -2.49  93.2 +56.4 134.0 *
059 2613203 (320.31311 +26.10000) 1.34  3.17 274.5 +48.3 137.0 *
060 2610272 ( 27.22634 +26.10000) 1.05 -1.29 104.2 +72.2 141.0 *
061 2610335 ( 33.46222 +26.10000) 1.09 -1.70  98.2 +67.0 143.0 *
062 2450515 ( 51.48571 +24.50000) 1.28 -2.90  89.7 +51.2 149.0 *
063 2530403 ( 40.31712 +25.30000) 1.14 -2.16  94.9 +60.9 152.0 *
064 2530465 ( 46.51124 +25.30000) 1.21 -2.57  91.2 +55.7 157.0 *
065 2610397 ( 39.69811 +26.10000) 1.14 -2.12  93.7 +61.7 161.0 *
066 2450576 ( 57.20024 +24.50000) 1.39 -3.30  86.8 +46.1 167.0 *
067 2530527 ( 52.70537 +25.30000) 1.30 -2.99  87.9 +50.4 171.0 *
068 2530589 ( 58.89949 +25.30000) 1.41 -3.40  85.0 +45.2 177.0 *
069 2610459 ( 45.93400 +26.10000) 1.20 -2.53  90.1 +56.4 177.0 *
070 2530651 ( 65.53606 +25.30000) 1.60 -3.92  81.6 +38.6 179.0 *
071 2610522 ( 52.16989 +26.10000) 1.28 -2.95  87.0 +51.1 196.0 *
072 2610584 ( 58.40578 +26.10000) 1.39 -3.37  84.2 +45.9 198.0 *
073 2610646 ( 64.64167 +26.10000) 1.54 -3.78  81.5 +40.6 200.0 *
