#No  Block  (       RA       Dec) Airm HA       Az   Alt   Key Other
001 2053216 (319.90915 +20.50000) 1.07 -1.26 119.5 +69.6  12.0 *
002 2293114 (311.39227 +22.90000) 1.02 -0.63 134.8 +77.6  13.0 *
003 2213225 (322.54807 +22.10000) 1.07 -1.38 113.2 +69.2  20.0 *
004 2293175 (317.47139 +22.90000) 1.04 -1.04 119.5 +73.5  21.0 *
005 2373124 (312.39675 +23.70000) 1.02 -0.70 129.1 +77.6  25.0 *
006 2373185 (318.51254 +23.70000) 1.04 -1.11 115.3 +73.2  29.0 *
007 2213286 (326.43355 +22.10000) 1.10 -1.71 107.0 +65.2  30.0 *
008 2293236 (323.55052 +22.90000) 1.07 -1.44 109.9 +68.8  30.0 *
009 2453126 (312.59574 +24.50000) 1.02 -0.71 125.8 +78.0  35.0 *
010 2453187 (318.74985 +24.50000) 1.04 -1.12 112.5 +73.4  36.0 *
011 2293296 (329.62964 +22.90000) 1.11 -1.85 103.3 +63.9  37.0 *
012 2373246 (324.62833 +23.70000) 1.08 -1.51 106.7 +68.3  40.0 *
013 2213346 (335.49963 +22.10000) 1.18 -2.27  99.5 +58.3  41.0 *
014 2293357 (335.70876 +22.90000) 1.17 -2.25  98.3 +58.8  41.0 *
015 2213407 (338.52167 +22.10000) 1.22 -2.52  96.9 +55.1  45.0 *
016 2373307 (330.74411 +23.70000) 1.12 -1.92 100.7 +63.3  45.0 *
017 2133405 (343.08578 +21.30000) 1.29 -2.84  95.0 +50.8  46.0 *
018 2453249 (324.90396 +24.50000) 1.08 -1.53 104.4 +68.5  49.0 *
019 2133465 (346.52041 +21.30000) 1.32 -2.97  93.8 +49.0  50.0 *
020 2133525 (352.53098 +21.30000) 1.44 -3.37  90.4 +43.9  57.0 *
021 2453311 (331.05806 +24.50000) 1.12 -1.94  98.8 +63.4  58.0 *
022 2373369 (336.85990 +23.70000) 1.18 -2.33  96.1 +58.2  60.0 *
023 2453372 (337.21217 +24.50000) 1.18 -2.35  94.5 +58.2  61.0 *
024 2133577 (357.68290 +21.30000) 1.58 -3.75  87.5 +39.2  61.0 *
025 2373430 (342.97569 +23.70000) 1.25 -2.74  92.3 +53.0  64.0 *
026 2373491 (349.09149 +23.70000) 1.35 -3.15  89.0 +47.8  67.0 *
027 2130022 (  0.25885 +21.30000) 1.69 -3.98  85.8 +36.2  68.0 *
028 2213579 (358.81247 +22.10000) 1.62 -3.85  85.8 +38.2  72.0 *
029 2453434 (343.36629 +24.50000) 1.25 -2.76  90.9 +53.0  74.0 *
030 2373552 (355.20728 +23.70000) 1.48 -3.55  86.0 +42.6  77.0 *
031 2373591 (359.13886 +23.70000) 1.61 -3.89  83.6 +38.3  78.0 *
032 2453495 (349.52039 +24.50000) 1.35 -3.17  87.7 +47.7  84.0 *
033 2370022 (  0.44937 +23.70000) 1.66 -3.99  82.9 +37.0  84.0 *
034 2453557 (355.67450 +24.50000) 1.48 -3.58  84.8 +42.5  84.0 *
035 2453592 (359.19113 +24.50000) 1.61 -3.91  82.6 +38.4  91.0 *
