#No  Block  (       RA       Dec) Airm HA       Az   Alt   Key Other
001 2213105 (310.45993 +22.10000) 1.07 -1.39 112.8 +69.0   7.0 *
002 2053156 (315.63872 +20.50000) 1.11 -1.74 109.8 +64.0  10.0 *
003 2293114 (311.39227 +22.90000) 1.07 -1.46 109.6 +68.6  14.0 *
004 2133165 (316.03820 +21.30000) 1.11 -1.78 107.5 +63.9  15.0 *
005 2213165 (316.50400 +22.10000) 1.11 -1.80 105.7 +64.1  15.0 *
006 2053216 (319.90915 +20.50000) 1.16 -2.09 104.6 +59.8  20.0 *
007 2373124 (312.39675 +23.70000) 1.08 -1.52 106.5 +68.2  21.0 *
008 2293175 (317.47139 +22.90000) 1.12 -1.86 103.1 +63.7  25.0 *
009 2213225 (322.54807 +22.10000) 1.17 -2.20 100.3 +59.1  28.0 *
010 2453126 (312.59574 +24.50000) 1.08 -1.54 104.4 +68.4  28.0 *
011 2373185 (318.51254 +23.70000) 1.12 -1.93 100.6 +63.2  38.0 *
012 2213286 (326.43355 +22.10000) 1.22 -2.54  96.7 +54.9  38.0 *
013 2293236 (323.55052 +22.90000) 1.17 -2.27  98.2 +58.6  39.0 *
014 2453187 (318.74985 +24.50000) 1.12 -1.95  98.8 +63.3  45.0 *
015 2293296 (329.62964 +22.90000) 1.24 -2.67  94.1 +53.5  45.0 *
016 2373246 (324.62833 +23.70000) 1.18 -2.34  96.0 +58.0  46.0 *
017 2213346 (335.49963 +22.10000) 1.35 -3.09  91.6 +47.8  50.0 *
018 2293357 (335.70876 +22.90000) 1.34 -3.08  90.6 +48.3  52.0 *
019 2373307 (330.74411 +23.70000) 1.25 -2.75  92.2 +52.9  52.0 *
020 2453249 (324.90396 +24.50000) 1.18 -2.36  94.4 +58.1  53.0 *
021 2133405 (343.08578 +21.30000) 1.55 -3.66  88.1 +40.3  54.0 *
022 2213407 (338.52167 +22.10000) 1.42 -3.34  89.6 +44.7  55.0 *
023 2133465 (346.52041 +21.30000) 1.61 -3.80  87.1 +38.5  57.0 *
024 2453311 (331.05806 +24.50000) 1.25 -2.77  90.8 +52.9  64.0 *
025 2373369 (336.85990 +23.70000) 1.35 -3.15  88.9 +47.7  64.0 *
026 2373430 (342.97569 +23.70000) 1.48 -3.56  85.9 +42.5  66.0 *
027 2453372 (337.21217 +24.50000) 1.35 -3.18  87.7 +47.7  71.0 *
028 2453434 (343.36629 +24.50000) 1.48 -3.59  84.7 +42.5  74.0 *
029 2373491 (349.09149 +23.70000) 1.65 -3.97  83.1 +37.3  76.0 *
030 2453495 (349.52039 +24.50000) 1.65 -4.00  82.0 +37.3  83.0 *
