#No  Block  (       RA       Dec) Airm HA       Az   Alt   Key Other
001 2293175 (317.47139 +22.90000) 1.02 -0.52 140.9 +78.6  18.0 *
002 2293236 (323.55052 +22.90000) 1.04 -0.92 123.0 +74.8  21.0 *
003 2213286 (326.43355 +22.10000) 1.06 -1.19 117.4 +71.3  23.0 *
004 2373124 (312.39675 +23.70000) 1.01 -0.18 163.3 +81.4  26.0 *
005 2373185 (318.51254 +23.70000) 1.02 -0.59 134.5 +78.7  26.0 *
006 2453126 (312.59574 +24.50000) 1.01 -0.19 160.4 +82.1  30.0 *
007 2373246 (324.62833 +23.70000) 1.04 -1.00 118.4 +74.5  32.0 *
008 2293296 (329.62964 +22.90000) 1.06 -1.33 112.2 +70.2  33.0 *
009 2213346 (335.49963 +22.10000) 1.11 -1.75 106.4 +64.7  35.0 *
010 2293357 (335.70876 +22.90000) 1.10 -1.73 105.0 +65.3  38.0 *
011 2213407 (338.52167 +22.10000) 1.14 -2.00 102.9 +61.7  38.0 *
012 2133405 (343.08578 +21.30000) 1.19 -2.32 100.3 +57.3  39.0 *
013 2453249 (324.90396 +24.50000) 1.04 -1.01 115.3 +74.7  40.0 *
014 2453187 (318.74985 +24.50000) 1.02 -0.60 130.9 +79.1  41.0 *
015 2133465 (346.52041 +21.30000) 1.21 -2.45  98.8 +55.6  43.0 *
016 2373307 (330.74411 +23.70000) 1.07 -1.40 108.7 +69.7  44.0 *
017 2133525 (352.53098 +21.30000) 1.30 -2.86  94.8 +50.5  50.0 *
018 2373369 (336.85990 +23.70000) 1.11 -1.81 102.2 +64.7  51.0 *
019 2133577 (357.68290 +21.30000) 1.40 -3.23  91.6 +45.8  52.0 *
020 2453311 (331.05806 +24.50000) 1.07 -1.42 106.3 +69.8  52.0 *
021 2373430 (342.97569 +23.70000) 1.16 -2.22  97.3 +59.6  60.0 *
022 2453372 (337.21217 +24.50000) 1.11 -1.83 100.2 +64.7  61.0 *
023 2130022 (  0.25885 +21.30000) 1.47 -3.46  89.7 +42.8  64.0 *
024 2373491 (349.09149 +23.70000) 1.23 -2.63  93.3 +54.4  66.0 *
025 2213579 (358.81247 +22.10000) 1.42 -3.34  89.7 +44.8  66.0 *
026 2453434 (343.36629 +24.50000) 1.16 -2.24  95.6 +59.6  68.0 *
027 2373552 (355.20728 +23.70000) 1.32 -3.03  89.9 +49.2  69.0 *
028 2373591 (359.13886 +23.70000) 1.42 -3.37  87.3 +44.9  74.0 *
029 2210031 (  5.66631 +22.10000) 1.60 -3.82  86.0 +38.6  77.0 *
030 2370022 (  0.44937 +23.70000) 1.45 -3.47  86.6 +43.6  78.0 *
031 2210091 (  9.12006 +22.10000) 1.67 -3.96  85.0 +36.8  79.0 *
032 2290022 (  2.65962 +22.90000) 1.48 -3.55  87.1 +42.4  79.0 *
033 2453495 (349.52039 +24.50000) 1.23 -2.65  91.8 +54.3  81.0 *
034 2453557 (355.67450 +24.50000) 1.32 -3.06  88.5 +49.1  84.0 *
035 2290083 (  8.30452 +22.90000) 1.63 -3.91  84.5 +37.8  87.0 *
036 2453592 (359.19113 +24.50000) 1.41 -3.39  86.1 +45.0  92.0 *
037 2450023 (  2.31783 +24.50000) 1.45 -3.51  85.3 +43.5  93.0 *
038 2450084 (  8.40695 +24.50000) 1.61 -3.91  82.6 +38.4  99.0 *
