#No  Block  (       RA       Dec) Airm HA       Az   Alt   Key Other
001 2450084 (  8.40695 +24.50000) 1.01  0.39 216.4 +80.9  50.0 *
002 2370206 ( 22.33355 +23.70000) 1.02 -0.59 134.1 +78.6  51.0 *
003 2450146 ( 14.56106 +24.50000) 1.01 -0.02 178.4 +82.5  55.0 *
004 2290265 ( 26.54189 +22.90000) 1.03 -0.81 126.9 +75.9  58.0 *
005 2453557 (355.67450 +24.50000) 1.05  1.24 250.2 +72.0  61.0 *
006 2453592 (359.19113 +24.50000) 1.03  0.92 241.8 +75.8  62.0 *
007 2453495 (349.52039 +24.50000) 1.09  1.65 257.4 +67.0  62.0 *
008 2450023 (  2.31783 +24.50000) 1.03  0.80 237.8 +77.1  64.0 *
009 2450207 ( 20.71517 +24.50000) 1.01 -0.43 141.4 +80.7  65.0 *
010 2370267 ( 26.70198 +23.70000) 1.03 -0.82 124.0 +76.3  66.0 *
011 2210333 ( 32.86461 +22.10000) 1.06 -1.25 116.0 +70.6  69.0 *
012 2373369 (336.85990 +23.70000) 1.21  2.50 265.5 +56.0  71.0 *
013 2370328 ( 32.81777 +23.70000) 1.05 -1.23 112.2 +71.7  74.0 *
014 2290326 ( 33.48946 +22.90000) 1.06 -1.31 112.7 +70.4  75.0 *
015 2373246 (324.62833 +23.70000) 1.40  3.31 272.3 +45.7  75.0 *
016 2453372 (337.21217 +24.50000) 1.20  2.47 266.6 +56.6  76.0 *
017 2533571 (357.10237 +25.30000) 1.04  1.15 250.6 +73.5  76.0 *
018 2530155 ( 15.54062 +25.30000) 1.01 -0.08 170.6 +83.3  77.0 *
019 2453249 (324.90396 +24.50000) 1.39  3.29 273.2 +46.2  79.0 *
020 2530032 (  3.15237 +25.30000) 1.02  0.75 238.6 +78.2  79.0 *
021 2530093 (  9.34649 +25.30000) 1.01  0.33 214.5 +82.0  79.0 *
022 2450269 ( 26.86928 +24.50000) 1.03 -0.84 120.9 +76.7  81.0 *
023 2610085 (  8.51867 +26.10000) 1.01  0.39 222.4 +82.2  81.0 *
024 2453187 (318.74985 +24.50000) 1.52  3.71 276.1 +41.0  82.0 *
025 2610148 ( 14.75456 +26.10000) 1.01 -0.03 176.3 +84.1  83.0 *
026 2453434 (343.36629 +24.50000) 1.13  2.06 262.6 +61.8  85.0 *
027 2290387 ( 38.70014 +22.90000) 1.09 -1.62 106.7 +66.6  87.0 *
028 2453311 (331.05806 +24.50000) 1.28  2.88 270.1 +51.4  88.0 *
029 2533509 (350.90824 +25.30000) 1.08  1.56 258.0 +68.4  88.0 *
030 2533385 (338.51999 +25.30000) 1.18  2.39 267.2 +58.0  90.0 *
031 2370389 ( 38.93356 +23.70000) 1.09 -1.64 104.6 +66.8  90.0 *
032 2530217 ( 21.73474 +25.30000) 1.01 -0.49 133.8 +80.7  90.0 *
033 2533447 (344.71412 +25.30000) 1.12  1.97 263.2 +63.3  91.0 *
034 2610023 (  2.39574 +26.10000) 1.02  0.80 243.7 +78.0  91.0 *
035 2290448 ( 43.47659 +22.90000) 1.13 -1.99 101.4 +62.1  93.0 *
036 2533323 (332.32587 +25.30000) 1.26  2.80 270.7 +52.8  97.0 *
037 2530279 ( 27.92887 +25.30000) 1.03 -0.91 115.7 +76.3  98.0 *
038 2613515 (351.49255 +26.10000) 1.07  1.52 259.5 +69.2 101.0 *
039 2450330 ( 33.02338 +24.50000) 1.06 -1.32 108.1 +71.0 101.0 *
040 2613573 (357.28301 +26.10000) 1.04  1.12 252.5 +74.2 103.0 *
041 2370450 ( 45.04935 +23.70000) 1.14 -2.05  99.2 +61.7 103.0 *
042 2210454 ( 47.97477 +22.10000) 1.19 -2.33  98.8 +57.4 105.0 *
043 2610210 ( 20.99045 +26.10000) 1.01 -0.44 133.5 +81.7 105.0 *
044 2450392 ( 39.17749 +24.50000) 1.09 -1.66 102.6 +66.9 107.0 *
045 2530341 ( 34.12299 +25.30000) 1.05 -1.32 106.0 +71.4 108.0 *
046 2613453 (345.25666 +26.10000) 1.11  1.94 264.5 +64.0 109.0 *
047 2533261 (326.13174 +25.30000) 1.36  3.21 273.7 +47.5 111.0 *
048 2533199 (319.93762 +25.30000) 1.49  3.63 276.5 +42.3 115.0 *
049 2610272 ( 27.22634 +26.10000) 1.03 -0.86 114.2 +77.3 116.0 *
050 2613390 (339.02077 +26.10000) 1.17  2.35 268.4 +58.7 116.0 *
051 2450453 ( 45.33160 +24.50000) 1.13 -2.07  97.4 +61.8 116.0 *
052 2613265 (326.54899 +26.10000) 1.34  3.19 274.6 +48.1 120.0 *
053 2450515 ( 51.48571 +24.50000) 1.20 -2.48  93.3 +56.6 120.0 *
054 2613328 (332.78488 +26.10000) 1.25  2.77 271.7 +53.4 124.0 *
055 2613203 (320.31311 +26.10000) 1.47  3.60 277.4 +42.9 131.0 *
056 2610335 ( 33.46222 +26.10000) 1.05 -1.28 104.4 +72.3 132.0 *
057 2530403 ( 40.31712 +25.30000) 1.09 -1.73  99.7 +66.3 132.0 *
058 2530465 ( 46.51124 +25.30000) 1.14 -2.15  95.0 +61.1 134.0 *
059 2610397 ( 39.69811 +26.10000) 1.09 -1.69  98.3 +67.1 141.0 *
060 2450576 ( 57.20024 +24.50000) 1.28 -2.87  90.0 +51.6 146.0 *
061 2610459 ( 45.93400 +26.10000) 1.13 -2.11  93.8 +61.9 146.0 *
062 2530527 ( 52.70537 +25.30000) 1.21 -2.56  91.3 +55.8 149.0 *
063 2450699 ( 72.58551 +24.50000) 1.64 -3.98  82.1 +37.6 158.0 *
064 2530651 ( 65.53606 +25.30000) 1.44 -3.49  84.4 +44.0 161.0 *
065 2530589 ( 58.89949 +25.30000) 1.29 -2.97  88.0 +50.6 161.0 *
066 2610584 ( 58.40578 +26.10000) 1.28 -2.94  87.1 +51.3 177.0 *
067 2610522 ( 52.16989 +26.10000) 1.20 -2.52  90.2 +56.6 177.0 *
068 2610646 ( 64.64167 +26.10000) 1.39 -3.35  84.2 +46.0 187.0 *
069 2610709 ( 70.87756 +26.10000) 1.53 -3.77  81.6 +40.8 187.0 *
