#No  Block  (       RA       Dec) Airm HA       Az   Alt   Key Other
001 2373591 (359.13886 +23.70000) 1.02 -0.59 134.4 +78.6  39.0 *
002 2373552 (355.20728 +23.70000) 1.01 -0.25 157.1 +81.1  40.0 *
003 2453592 (359.19113 +24.50000) 1.02 -0.61 130.6 +79.0  44.0 *
004 2533509 (350.90824 +25.30000) 1.01  0.04 184.2 +83.3  51.0 *
005 2533447 (344.71412 +25.30000) 1.01  0.45 223.2 +81.1  54.0 *
006 2453311 (331.05806 +24.50000) 1.06  1.36 252.5 +70.6  61.0 *
007 2533571 (357.10237 +25.30000) 1.01 -0.38 141.9 +81.7  61.0 *
008 2453372 (337.21217 +24.50000) 1.03  0.95 242.8 +75.4  63.0 *
009 2533385 (338.51999 +25.30000) 1.03  0.86 242.8 +76.9  72.0 *
010 2453187 (318.74985 +24.50000) 1.15  2.18 263.8 +60.4  73.0 *
011 2533323 (332.32587 +25.30000) 1.05  1.27 253.2 +72.0  75.0 *
012 2373124 (312.39675 +23.70000) 1.23  2.60 266.5 +54.7  76.0 *
013 2613573 (357.28301 +26.10000) 1.01 -0.40 136.3 +82.1  77.0 *
014 2613515 (351.49255 +26.10000) 1.01 -0.00 179.6 +84.1  78.0 *
015 2613390 (339.02077 +26.10000) 1.02  0.83 244.8 +77.7  79.0 *
016 2613453 (345.25666 +26.10000) 1.01  0.41 224.3 +82.0  84.0 *
017 2453126 (312.59574 +24.50000) 1.22  2.59 267.7 +55.2  87.0 *
018 2533199 (319.93762 +25.30000) 1.14  2.10 264.5 +61.7  87.0 *
019 2533261 (326.13174 +25.30000) 1.09  1.69 259.7 +66.9  89.0 *
020 2613328 (332.78488 +26.10000) 1.05  1.24 255.0 +72.7  90.0 *
021 2370022 (  0.44937 +23.70000) 1.02 -0.69 129.4 +77.7 100.0 *
022 2613203 (320.31311 +26.10000) 1.13  2.08 265.9 +62.3 100.0 *
023 2290083 (  9.17296 +22.90000) 1.05 -1.21 114.8 +71.5 105.0 *
024 2613265 (326.54899 +26.10000) 1.08  1.66 261.3 +67.5 107.0 *
025 2290144 ( 13.51520 +22.90000) 1.08 -1.50 108.8 +68.1 107.0 *
026 2533137 (313.74349 +25.30000) 1.20  2.51 268.3 +56.4 107.0 *
027 2450023 (  2.31783 +24.50000) 1.02 -0.73 125.2 +77.9 108.0 *
028 2210152 ( 15.16413 +22.10000) 1.09 -1.58 109.2 +66.8 109.0 *
029 2450084 (  8.40695 +24.50000) 1.04 -1.13 112.3 +73.3 117.0 *
030 2613141 (314.07721 +26.10000) 1.19  2.49 269.5 +57.0 120.0 *
031 2290205 ( 22.63388 +22.90000) 1.15 -2.16  99.4 +60.0 120.0 *
032 2290265 ( 26.54189 +22.90000) 1.18 -2.34  97.4 +57.7 123.0 *
033 2370206 ( 22.33355 +23.70000) 1.15 -2.12  98.4 +60.8 125.0 *
034 2450146 ( 14.56106 +24.50000) 1.08 -1.54 104.3 +68.4 127.0 *
035 2370267 ( 26.70198 +23.70000) 1.18 -2.35  95.9 +57.9 130.0 *
036 2530032 (  3.15237 +25.30000) 1.02 -0.78 120.0 +77.8 133.0 *
037 2530093 (  9.34649 +25.30000) 1.05 -1.19 108.5 +73.0 133.0 *
038 2450207 ( 20.71517 +24.50000) 1.12 -1.95  98.7 +63.2 135.0 *
039 2210454 ( 47.97477 +22.10000) 1.62 -3.86  85.7 +38.1 139.0 *
040 2610085 (  8.51867 +26.10000) 1.04 -1.14 107.1 +74.0 143.0 *
041 2530217 ( 21.73474 +25.30000) 1.13 -2.02  96.3 +62.7 143.0 *
042 2370450 ( 46.35987 +23.70000) 1.53 -3.71  84.9 +40.7 143.0 *
043 2610023 (  2.39574 +26.10000) 1.02 -0.73 118.7 +78.8 143.0 *
044 2450269 ( 26.86928 +24.50000) 1.18 -2.36  94.4 +58.1 144.0 *
045 2530155 ( 15.54062 +25.30000) 1.08 -1.61 101.4 +67.9 146.0 *
046 2450330 ( 33.02338 +24.50000) 1.27 -2.85  90.2 +51.9 148.0 *
047 2450453 ( 45.33160 +24.50000) 1.48 -3.59  84.7 +42.4 148.0 *
048 2450392 ( 39.17749 +24.50000) 1.35 -3.18  87.6 +47.6 152.0 *
049 2530279 ( 27.92887 +25.30000) 1.19 -2.43  92.4 +57.4 157.0 *
050 2610210 ( 20.99045 +26.10000) 1.12 -1.97  95.2 +63.6 158.0 *
051 2530403 ( 40.31712 +25.30000) 1.37 -3.26  86.0 +46.9 159.0 *
052 2610148 ( 14.75456 +26.10000) 1.07 -1.55 100.1 +68.8 159.0 *
053 2530465 ( 46.51124 +25.30000) 1.50 -3.67  83.2 +41.7 165.0 *
054 2530341 ( 34.12299 +25.30000) 1.27 -2.85  89.0 +52.2 166.0 *
055 2610272 ( 27.22634 +26.10000) 1.18 -2.39  91.3 +58.3 170.0 *
056 2610459 ( 45.93400 +26.10000) 1.48 -3.63  82.4 +42.5 179.0 *
057 2610397 ( 39.69811 +26.10000) 1.35 -3.22  85.2 +47.7 181.0 *
058 2610335 ( 33.46222 +26.10000) 1.25 -2.80  88.1 +53.0 183.0 *
