#No  Block  (       RA       Dec) Airm HA       Az   Alt   Key Other
001 2290265 ( 26.54189 +22.90000) 1.01 -0.23 160.4 +80.4  33.0 *
002 2370267 ( 26.70198 +23.70000) 1.01 -0.24 157.9 +81.1  35.0 *
003 2450207 ( 20.71517 +24.50000) 1.01  0.16 196.1 +82.3  37.0 *
004 2530217 ( 21.73474 +25.30000) 1.01  0.09 190.3 +83.2  45.0 *
005 2450269 ( 26.86928 +24.50000) 1.01 -0.25 154.9 +81.8  46.0 *
006 2450146 ( 14.56106 +24.50000) 1.02  0.57 227.2 +79.4  47.0 *
007 2290083 (  9.17296 +22.90000) 1.04  0.90 236.1 +75.0  53.0 *
008 2530279 ( 27.92887 +25.30000) 1.01 -0.32 146.1 +82.1  59.0 *
009 2450330 ( 33.02338 +24.50000) 1.02 -0.74 124.6 +77.7  62.0 *
010 2450084 (  8.40695 +24.50000) 1.03  0.98 243.6 +75.1  62.0 *
011 2530155 ( 15.54062 +25.30000) 1.01  0.50 226.6 +80.6  66.0 *
012 2370022 (  0.44937 +23.70000) 1.07  1.42 251.5 +69.5  69.0 *
013 2450023 (  2.31783 +24.50000) 1.06  1.38 253.0 +70.3  72.0 *
014 2530093 (  9.34649 +25.30000) 1.03  0.91 244.5 +76.3  73.0 *
015 2610210 ( 20.99045 +26.10000) 1.01  0.14 197.7 +83.9  73.0 *
016 2610272 ( 27.22634 +26.10000) 1.01 -0.28 147.1 +83.1  73.0 *
017 2450392 ( 39.17749 +24.50000) 1.04 -1.07 113.7 +74.0  74.0 *
018 2530341 ( 34.12299 +25.30000) 1.02 -0.74 121.7 +78.2  78.0 *
019 2210454 ( 47.97477 +22.10000) 1.11 -1.75 106.4 +64.7  83.0 *
020 2610335 ( 33.46222 +26.10000) 1.02 -0.69 120.2 +79.2  83.0 *
021 2610148 ( 14.75456 +26.10000) 1.01  0.55 233.2 +80.7  84.0 *
022 2370450 ( 46.35987 +23.70000) 1.08 -1.60 105.3 +67.3  86.0 *
023 2530032 (  3.15237 +25.30000) 1.06  1.33 254.2 +71.3  87.0 *
024 2530403 ( 40.31712 +25.30000) 1.04 -1.15 109.4 +73.5  88.0 *
025 2450453 ( 45.33160 +24.50000) 1.07 -1.48 105.2 +69.1  88.0 *
026 2610085 (  8.51867 +26.10000) 1.03  0.97 248.9 +76.0  98.0 *
027 2610397 ( 39.69811 +26.10000) 1.04 -1.11 107.7 +74.3 105.0 *
028 2450515 ( 51.48571 +24.50000) 1.11 -1.89  99.4 +64.0 109.0 *
029 2530465 ( 46.51124 +25.30000) 1.08 -1.56 102.0 +68.4 109.0 *
030 2610023 (  2.39574 +26.10000) 1.06  1.38 257.3 +71.0 113.0 *
031 2533385 (338.51999 +25.30000) 1.29  2.97 271.9 +50.6 113.0 *
032 2533261 (326.13174 +25.30000) 1.55  3.80 277.6 +40.1 114.0 *
033 2610459 ( 45.93400 +26.10000) 1.07 -1.52 100.5 +69.2 114.0 *
034 2530527 ( 52.70537 +25.30000) 1.12 -1.98  96.8 +63.2 118.0 *
035 2450576 ( 57.20024 +24.50000) 1.17 -2.29  95.1 +59.0 118.0 *
036 2613390 (339.02077 +26.10000) 1.28  2.94 272.9 +51.3 121.0 *
037 2613515 (351.49255 +26.10000) 1.13  2.10 266.1 +61.9 123.0 *
038 2613265 (326.54899 +26.10000) 1.53  3.77 278.4 +40.8 124.0 *
039 2613328 (332.78488 +26.10000) 1.39  3.35 275.7 +46.0 127.0 *
040 2530589 ( 58.89949 +25.30000) 1.18 -2.39  92.7 +58.0 128.0 *
041 2613573 (357.28301 +26.10000) 1.09  1.70 261.8 +67.0 128.0 *
042 2610522 ( 52.16989 +26.10000) 1.11 -1.94  95.5 +64.0 135.0 *
043 2613453 (345.25666 +26.10000) 1.20  2.52 269.8 +56.6 135.0 *
044 2450699 ( 72.58551 +24.50000) 1.42 -3.39  86.1 +44.9 136.0 *
045 2530651 ( 65.53606 +25.30000) 1.28 -2.91  88.5 +51.4 137.0 *
046 2610584 ( 58.40578 +26.10000) 1.17 -2.36  91.6 +58.7 140.0 *
047 2610646 ( 64.64167 +26.10000) 1.25 -2.77  88.3 +53.4 149.0 *
048 2610709 ( 70.87756 +26.10000) 1.34 -3.19  85.4 +48.1 162.0 *
