#No  Block  (       RA       Dec) Airm HA       Az   Alt   Key Other
001 2293357 (335.70876 +22.90000) 1.02 -0.30 155.5 +80.1  28.0 *
002 2213407 (338.52167 +22.10000) 1.02 -0.56 140.8 +77.6  30.0 *
003 2373369 (336.85990 +23.70000) 1.01 -0.37 147.8 +80.4  35.0 *
004 2453311 (331.05806 +24.50000) 1.01  0.01 181.5 +82.5  43.0 *
005 2453372 (337.21217 +24.50000) 1.01 -0.40 143.5 +80.9  48.0 *
006 2373430 (342.97569 +23.70000) 1.03 -0.78 125.7 +76.8  49.0 *
007 2533323 (332.32587 +25.30000) 1.01 -0.07 171.9 +83.3  53.0 *
008 2453434 (343.36629 +24.50000) 1.03 -0.81 122.0 +77.0  55.0 *
009 2453187 (318.74985 +24.50000) 1.03  0.84 239.1 +76.7  59.0 *
010 2533261 (326.13174 +25.30000) 1.01  0.34 215.4 +82.0  61.0 *
011 2373124 (312.39675 +23.70000) 1.06  1.26 248.4 +71.4  61.0 *
012 2533385 (338.51999 +25.30000) 1.01 -0.48 134.5 +80.8  65.0 *
013 2613390 (339.02077 +26.10000) 1.01 -0.52 128.9 +81.1  72.0 *
014 2613328 (332.78488 +26.10000) 1.01 -0.10 166.9 +84.0  73.0 *
015 2453126 (312.59574 +24.50000) 1.05  1.25 250.3 +72.0  75.0 *
016 2373552 (355.20728 +23.70000) 1.08 -1.60 105.4 +67.3  76.0 *
017 2533199 (319.93762 +25.30000) 1.02  0.76 239.0 +78.0  76.0 *
018 2453495 (349.52039 +24.50000) 1.05 -1.22 110.3 +72.3  76.0 *
019 2533137 (313.74349 +25.30000) 1.04  1.17 251.0 +73.3  80.0 *
020 2613265 (326.54899 +26.10000) 1.01  0.32 216.4 +82.8  80.0 *
021 2533447 (344.71412 +25.30000) 1.03 -0.90 116.1 +76.5  82.0 *
022 2373591 (359.13886 +23.70000) 1.12 -1.93 100.6 +63.1  84.0 *
023 2613203 (320.31311 +26.10000) 1.02  0.73 241.3 +78.8  85.0 *
024 2453557 (355.67450 +24.50000) 1.08 -1.63 103.0 +67.3  89.0 *
025 2533509 (350.90824 +25.30000) 1.05 -1.31 106.2 +71.6  89.0 *
026 2613453 (345.25666 +26.10000) 1.03 -0.93 112.1 +76.5 100.0 *
027 2453592 (359.19113 +24.50000) 1.12 -1.95  98.7 +63.2 100.0 *
028 2613141 (314.07721 +26.10000) 1.04  1.15 253.1 +73.9 101.0 *
029 2533571 (357.10237 +25.30000) 1.09 -1.72  99.8 +66.4 107.0 *
030 2613515 (351.49255 +26.10000) 1.06 -1.35 103.2 +71.4 115.0 *
031 2613573 (357.28301 +26.10000) 1.09 -1.75  97.6 +66.4 119.0 *
032 2290144 ( 13.51520 +22.90000) 1.28 -2.85  92.6 +51.3 124.0 *
033 2370022 (  0.44937 +23.70000) 1.13 -2.04  99.3 +61.9 124.0 *
034 2210152 ( 15.16413 +22.10000) 1.31 -2.93  93.1 +50.0 126.0 *
035 2290083 (  9.17296 +22.90000) 1.22 -2.56  95.2 +55.0 126.0 *
036 2450023 (  2.31783 +24.50000) 1.14 -2.07  97.4 +61.8 133.0 *
037 2290205 ( 22.63388 +22.90000) 1.47 -3.50  87.4 +43.0 135.0 *
038 2450084 (  8.40695 +24.50000) 1.20 -2.48  93.4 +56.6 138.0 *
039 2290265 ( 26.54189 +22.90000) 1.54 -3.68  86.0 +40.6 138.0 *
040 2370206 ( 22.33355 +23.70000) 1.45 -3.46  86.6 +43.7 139.0 *
041 2370267 ( 26.70198 +23.70000) 1.53 -3.70  85.0 +40.8 147.0 *
042 2530093 (  9.34649 +25.30000) 1.20 -2.54  91.5 +56.1 150.0 *
043 2450146 ( 14.56106 +24.50000) 1.28 -2.89  89.9 +51.4 151.0 *
044 2450207 ( 20.71517 +24.50000) 1.39 -3.30  86.8 +46.2 154.0 *
045 2450269 ( 26.86928 +24.50000) 1.52 -3.71  83.9 +41.0 158.0 *
046 2530032 (  3.15237 +25.30000) 1.14 -2.13  95.2 +61.4 158.0 *
047 2530217 ( 21.73474 +25.30000) 1.40 -3.36  85.2 +45.6 163.0 *
048 2530155 ( 15.54062 +25.30000) 1.29 -2.95  88.2 +50.9 163.0 *
049 2610023 (  2.39574 +26.10000) 1.13 -2.07  94.1 +62.3 163.0 *
050 2610085 (  8.51867 +26.10000) 1.19 -2.48  90.5 +57.1 164.0 *
051 2610148 ( 14.75456 +26.10000) 1.27 -2.90  87.4 +51.8 174.0 *
052 2530279 ( 27.92887 +25.30000) 1.54 -3.78  82.5 +40.4 176.0 *
053 2610210 ( 20.99045 +26.10000) 1.38 -3.31  84.5 +46.5 177.0 *
054 2610272 ( 27.22634 +26.10000) 1.52 -3.73  81.8 +41.3 177.0 *
