#No  Block  (       RA       Dec) Airm HA       Az   Alt   Key Other
001 2373430 (342.97569 +23.70000) 1.01 -0.29 153.9 +80.9  31.0 *
002 2453372 (337.21217 +24.50000) 1.01  0.09 189.7 +82.4  38.0 *
003 2453434 (343.36629 +24.50000) 1.01 -0.32 149.5 +81.4  38.0 *
004 2533385 (338.51999 +25.30000) 1.01  0.01 180.7 +83.3  41.0 *
005 2453311 (331.05806 +24.50000) 1.02  0.50 223.6 +80.0  44.0 *
006 2453495 (349.52039 +24.50000) 1.02 -0.73 125.1 +77.8  50.0 *
007 2533323 (332.32587 +25.30000) 1.01  0.42 221.2 +81.4  55.0 *
008 2373552 (355.20728 +23.70000) 1.04 -1.11 115.3 +73.2  56.0 *
009 2613390 (339.02077 +26.10000) 1.01 -0.03 176.4 +84.1  58.0 *
010 2453187 (318.74985 +24.50000) 1.06  1.32 251.9 +71.0  62.0 *
011 2533447 (344.71412 +25.30000) 1.01 -0.41 139.7 +81.5  65.0 *
012 2453557 (355.67450 +24.50000) 1.04 -1.14 112.1 +73.2  66.0 *
013 2373124 (312.39675 +23.70000) 1.10  1.75 256.9 +65.5  66.0 *
014 2533509 (350.90824 +25.30000) 1.02 -0.82 118.6 +77.3  69.0 *
015 2613453 (345.25666 +26.10000) 1.01 -0.44 133.6 +81.8  70.0 *
016 2533261 (326.13174 +25.30000) 1.03  0.83 241.8 +77.2  70.0 *
017 2373591 (359.13886 +23.70000) 1.07 -1.45 107.9 +69.2  71.0 *
018 2613328 (332.78488 +26.10000) 1.01  0.39 222.5 +82.2  71.0 *
019 2453126 (312.59574 +24.50000) 1.09  1.73 258.5 +66.0  76.0 *
020 2533199 (319.93762 +25.30000) 1.05  1.24 252.6 +72.3  81.0 *
021 2613203 (320.31311 +26.10000) 1.05  1.22 254.5 +73.0  86.0 *
022 2453592 (359.19113 +24.50000) 1.07 -1.46 105.6 +69.3  87.0 *
023 2533137 (313.74349 +25.30000) 1.08  1.66 259.3 +67.2  87.0 *
024 2613265 (326.54899 +26.10000) 1.02  0.80 244.0 +77.9  90.0 *
025 2613515 (351.49255 +26.10000) 1.03 -0.86 114.2 +77.3  94.0 *
026 2533571 (357.10237 +25.30000) 1.05 -1.23 107.6 +72.5  98.0 *
027 2613141 (314.07721 +26.10000) 1.08  1.64 261.0 +67.8 104.0 *
028 2370022 (  0.44937 +23.70000) 1.08 -1.55 106.1 +67.9 111.0 *
029 2613573 (357.28301 +26.10000) 1.05 -1.26 104.7 +72.5 114.0 *
030 2290144 ( 13.51520 +22.90000) 1.19 -2.36  97.2 +57.5 117.0 *
031 2290083 (  9.17296 +22.90000) 1.14 -2.07 100.5 +61.1 118.0 *
032 2210152 ( 15.16413 +22.10000) 1.20 -2.44  97.7 +56.2 120.0 *
033 2450023 (  2.31783 +24.50000) 1.08 -1.58 103.7 +67.9 124.0 *
034 2290205 ( 22.63388 +22.90000) 1.32 -3.01  91.2 +49.2 129.0 *
035 2290265 ( 26.54189 +22.90000) 1.37 -3.20  89.7 +46.9 130.0 *
036 2370206 ( 22.33355 +23.70000) 1.31 -2.98  90.3 +50.0 130.0 *
037 2370267 ( 26.70198 +23.70000) 1.37 -3.21  88.5 +47.0 137.0 *
038 2450084 (  8.40695 +24.50000) 1.12 -1.99  98.3 +62.8 138.0 *
039 2450146 ( 14.56106 +24.50000) 1.18 -2.40  94.1 +57.6 140.0 *
040 2530032 (  3.15237 +25.30000) 1.08 -1.64 101.0 +67.5 142.0 *
041 2450207 ( 20.71517 +24.50000) 1.26 -2.81  90.5 +52.4 145.0 *
042 2530093 (  9.34649 +25.30000) 1.13 -2.05  96.0 +62.3 147.0 *
043 2530217 ( 21.73474 +25.30000) 1.27 -2.88  88.8 +51.8 152.0 *
044 2450330 ( 33.02338 +24.50000) 1.52 -3.70  84.0 +41.0 152.0 *
045 2450269 ( 26.86928 +24.50000) 1.36 -3.22  87.4 +47.2 153.0 *
046 2610023 (  2.39574 +26.10000) 1.08 -1.59  99.7 +68.4 155.0 *
047 2530155 ( 15.54062 +25.30000) 1.19 -2.46  92.1 +57.1 159.0 *
048 2610085 (  8.51867 +26.10000) 1.12 -1.99  94.9 +63.3 160.0 *
049 2610210 ( 20.99045 +26.10000) 1.26 -2.83  87.9 +52.7 166.0 *
050 2530279 ( 27.92887 +25.30000) 1.38 -3.29  85.8 +46.6 167.0 *
051 2610148 ( 14.75456 +26.10000) 1.18 -2.41  91.1 +58.0 168.0 *
052 2530341 ( 34.12299 +25.30000) 1.51 -3.70  83.0 +41.3 168.0 *
053 2610272 ( 27.22634 +26.10000) 1.36 -3.24  85.0 +47.4 175.0 *
054 2610335 ( 33.46222 +26.10000) 1.49 -3.66  82.3 +42.2 183.0 *
