#No  Block  (       RA       Dec) Airm HA       Az   Alt   Key Other
001 2533509 (350.90824 +25.30000) 1.01  0.34 215.3 +82.0  48.0 *
002 2533571 (357.10237 +25.30000) 1.01 -0.07 171.7 +83.3  50.0 *
003 2453372 (337.21217 +24.50000) 1.05  1.25 250.5 +71.9  52.0 *
004 2533447 (344.71412 +25.30000) 1.02  0.75 239.0 +78.1  55.0 *
005 2453311 (331.05806 +24.50000) 1.09  1.66 257.6 +66.8  59.0 *
006 2533385 (338.51999 +25.30000) 1.04  1.17 251.0 +73.3  65.0 *
007 2613573 (357.28301 +26.10000) 1.01 -0.10 167.1 +84.0  70.0 *
008 2613453 (345.25666 +26.10000) 1.02  0.72 240.8 +78.9  73.0 *
009 2373124 (312.39675 +23.70000) 1.29  2.91 269.1 +50.8  76.0 *
010 2613515 (351.49255 +26.10000) 1.01  0.30 215.2 +82.9  76.0 *
011 2453187 (318.74985 +24.50000) 1.20  2.49 266.7 +56.5  77.0 *
012 2613390 (339.02077 +26.10000) 1.04  1.13 252.8 +74.0  77.0 *
013 2453126 (312.59574 +24.50000) 1.28  2.90 270.2 +51.3  79.0 *
014 2533323 (332.32587 +25.30000) 1.08  1.58 258.2 +68.2  82.0 *
015 2533199 (319.93762 +25.30000) 1.18  2.41 267.4 +57.8  86.0 *
016 2533261 (326.13174 +25.30000) 1.12  1.99 263.4 +63.0  87.0 *
017 2613328 (332.78488 +26.10000) 1.07  1.55 259.8 +68.9  88.0 *
018 2370022 (  0.44937 +23.70000) 1.01 -0.39 146.8 +80.3  90.0 *
019 2290083 (  9.17296 +22.90000) 1.04 -0.91 123.6 +74.9  94.0 *
020 2613265 (326.54899 +26.10000) 1.12  1.97 264.8 +63.7  94.0 *
021 2290144 ( 13.51520 +22.90000) 1.05 -1.20 115.2 +71.7  96.0 *
022 2210152 ( 15.16413 +22.10000) 1.06 -1.28 115.4 +70.4  98.0 *
023 2533137 (313.74349 +25.30000) 1.26  2.82 270.8 +52.5 100.0 *
024 2613203 (320.31311 +26.10000) 1.17  2.38 268.6 +58.4 100.0 *
025 2450023 (  2.31783 +24.50000) 1.01 -0.42 141.8 +80.7 104.0 *
026 2450084 (  8.40695 +24.50000) 1.03 -0.83 121.3 +76.8 107.0 *
027 2530032 (  3.15237 +25.30000) 1.01 -0.48 135.0 +80.9 108.0 *
028 2450146 ( 14.56106 +24.50000) 1.05 -1.24 109.9 +72.1 111.0 *
029 2290205 ( 22.63388 +22.90000) 1.11 -1.85 103.3 +63.8 111.0 *
030 2290265 ( 26.54189 +22.90000) 1.14 -2.03 100.9 +61.6 114.0 *
031 2370206 ( 22.33355 +23.70000) 1.11 -1.81 102.1 +64.6 114.0 *
032 2613141 (314.07721 +26.10000) 1.25  2.80 271.9 +53.1 116.0 *
033 2370267 ( 26.70198 +23.70000) 1.14 -2.05  99.2 +61.8 119.0 *
034 2530093 (  9.34649 +25.30000) 1.03 -0.89 116.3 +76.6 123.0 *
035 2450207 ( 20.71517 +24.50000) 1.09 -1.65 102.7 +67.1 124.0 *
036 2450269 ( 26.86928 +24.50000) 1.13 -2.06  97.5 +61.9 129.0 *
037 2210454 ( 47.97477 +22.10000) 1.50 -3.55  88.0 +42.0 133.0 *
038 2450392 ( 39.17749 +24.50000) 1.28 -2.88  90.0 +51.5 134.0 *
039 2530155 ( 15.54062 +25.30000) 1.05 -1.30 106.3 +71.7 134.0 *
040 2610023 (  2.39574 +26.10000) 1.01 -0.42 134.9 +81.9 135.0 *
041 2610085 (  8.51867 +26.10000) 1.02 -0.83 115.1 +77.6 137.0 *
042 2530217 ( 21.73474 +25.30000) 1.09 -1.71  99.9 +66.5 137.0 *
043 2370450 ( 46.35987 +23.70000) 1.43 -3.40  87.1 +44.5 138.0 *
044 2450330 ( 33.02338 +24.50000) 1.21 -2.54  92.7 +55.8 144.0 *
045 2450515 ( 51.48571 +24.50000) 1.52 -3.70  84.0 +41.1 148.0 *
046 2450453 ( 45.33160 +24.50000) 1.38 -3.29  86.9 +46.3 148.0 *
047 2610148 ( 14.75456 +26.10000) 1.05 -1.25 104.9 +72.6 148.0 *
048 2530403 ( 40.31712 +25.30000) 1.29 -2.95  88.2 +50.8 150.0 *
049 2530341 ( 34.12299 +25.30000) 1.21 -2.54  91.4 +56.1 153.0 *
050 2530279 ( 27.92887 +25.30000) 1.14 -2.13  95.2 +61.3 155.0 *
051 2610272 ( 27.22634 +26.10000) 1.13 -2.08  94.1 +62.2 159.0 *
052 2610210 ( 20.99045 +26.10000) 1.08 -1.66  98.6 +67.5 159.0 *
053 2530527 ( 52.70537 +25.30000) 1.54 -3.78  82.5 +40.4 163.0 *
054 2530465 ( 46.51124 +25.30000) 1.40 -3.37  85.2 +45.6 168.0 *
055 2610397 ( 39.69811 +26.10000) 1.28 -2.91  87.3 +51.6 171.0 *
056 2610335 ( 33.46222 +26.10000) 1.19 -2.50  90.4 +56.9 171.0 *
057 2610459 ( 45.93400 +26.10000) 1.38 -3.33  84.4 +46.3 184.0 *
058 2610522 ( 52.16989 +26.10000) 1.52 -3.74  81.7 +41.1 191.0 *
