#No  Block  (       RA       Dec) Airm HA       Az   Alt   Key Other
001 2373124 (312.39675 +23.70000) 1.01  0.25 202.8 +81.1  18.0 *
002 2293175 (317.47139 +22.90000) 1.01 -0.09 172.3 +80.9  18.0 *
003 2373185 (318.51254 +23.70000) 1.01 -0.16 165.2 +81.5  28.0 *
004 2453126 (312.59574 +24.50000) 1.01  0.24 203.6 +81.9  34.0 *
005 2453187 (318.74985 +24.50000) 1.01 -0.17 162.3 +82.2  35.0 *
006 2533137 (313.74349 +25.30000) 1.01  0.16 198.2 +83.0  38.0 *
007 2373246 (324.62833 +23.70000) 1.02 -0.57 135.7 +78.9  40.0 *
008 2453249 (324.90396 +24.50000) 1.02 -0.58 131.9 +79.3  45.0 *
009 2533199 (319.93762 +25.30000) 1.01 -0.25 152.5 +82.6  50.0 *
010 2213346 (335.49963 +22.10000) 1.07 -1.32 114.4 +69.8  51.0 *
011 2293357 (335.70876 +22.90000) 1.06 -1.30 112.7 +70.5  52.0 *
012 2613141 (314.07721 +26.10000) 1.01  0.14 197.7 +83.9  52.0 *
013 2613203 (320.31311 +26.10000) 1.01 -0.28 147.1 +83.1  58.0 *
014 2453311 (331.05806 +24.50000) 1.04 -0.99 115.9 +74.9  60.0 *
015 2213407 (338.52167 +22.10000) 1.09 -1.57 109.4 +66.9  61.0 *
016 2373369 (336.85990 +23.70000) 1.06 -1.38 109.1 +70.0  63.0 *
017 2533261 (326.13174 +25.30000) 1.02 -0.67 124.8 +79.0  64.0 *
018 2533323 (332.32587 +25.30000) 1.04 -1.08 111.1 +74.3  75.0 *
019 2613265 (326.54899 +26.10000) 1.02 -0.69 120.2 +79.2  77.0 *
020 2453372 (337.21217 +24.50000) 1.06 -1.40 106.6 +70.0  80.0 *
021 2373430 (342.97569 +23.70000) 1.10 -1.79 102.5 +65.0  81.0 *
022 2613328 (332.78488 +26.10000) 1.04 -1.11 107.7 +74.3  93.0 *
023 2533385 (338.51999 +25.30000) 1.07 -1.49 103.1 +69.3  96.0 *
024 2453434 (343.36629 +24.50000) 1.10 -1.81 100.4 +65.0  97.0 *
025 2453495 (349.52039 +24.50000) 1.16 -2.22  95.8 +59.8  98.0 *
026 2373552 (355.20728 +23.70000) 1.23 -2.60  93.5 +54.7 103.0 *
027 2613390 (339.02077 +26.10000) 1.07 -1.52 100.5 +69.2 107.0 *
028 2453557 (355.67450 +24.50000) 1.23 -2.63  91.9 +54.6 108.0 *
029 2373591 (359.13886 +23.70000) 1.30 -2.94  90.6 +50.4 109.0 *
030 2533509 (350.90824 +25.30000) 1.17 -2.32  93.4 +58.9 111.0 *
031 2533447 (344.71412 +25.30000) 1.11 -1.90  97.6 +64.1 112.0 *
032 2453592 (359.19113 +24.50000) 1.30 -2.96  89.3 +50.4 126.0 *
033 2613453 (345.25666 +26.10000) 1.11 -1.94  95.5 +64.0 126.0 *
034 2370022 (  0.44937 +23.70000) 1.32 -3.04  89.8 +49.1 127.0 *
035 2613515 (351.49255 +26.10000) 1.17 -2.36  91.6 +58.7 127.0 *
036 2290144 ( 13.51520 +22.90000) 1.61 -3.85  84.8 +38.5 130.0 *
037 2210152 ( 15.16413 +22.10000) 1.66 -3.93  85.2 +37.1 131.0 *
038 2290083 (  9.17296 +22.90000) 1.49 -3.57  86.9 +42.1 131.0 *
039 2533571 (357.10237 +25.30000) 1.24 -2.73  89.9 +53.7 131.0 *
040 2450023 (  2.31783 +24.50000) 1.33 -3.08  88.4 +49.0 139.0 *
041 2450084 (  8.40695 +24.50000) 1.44 -3.48  85.5 +43.8 146.0 *
042 2613573 (357.28301 +26.10000) 1.24 -2.76  88.4 +53.6 147.0 *
043 2450146 ( 14.56106 +24.50000) 1.60 -3.89  82.7 +38.6 150.0 *
044 2530032 (  3.15237 +25.30000) 1.33 -3.13  86.9 +48.5 153.0 *
045 2530093 (  9.34649 +25.30000) 1.46 -3.55  84.0 +43.3 154.0 *
046 2610085 (  8.51867 +26.10000) 1.43 -3.49  83.3 +44.3 163.0 *
047 2610023 (  2.39574 +26.10000) 1.32 -3.08  86.1 +49.4 163.0 *
048 2530155 ( 15.54062 +25.30000) 1.62 -3.96  81.3 +38.1 169.0 *
049 2610148 ( 14.75456 +26.10000) 1.59 -3.91  80.7 +39.0 177.0 *
