#No  Block  (       RA       Dec) Airm HA       Az   Alt   Key Other
001 2450330 ( 33.02338 +24.50000) 1.01 -0.31 149.9 +81.5  37.0 *
002 2450269 ( 26.86928 +24.50000) 1.01  0.17 197.8 +82.2  37.0 *
003 2530279 ( 27.92887 +25.30000) 1.01  0.10 192.0 +83.2  43.0 *
004 2530341 ( 34.12299 +25.30000) 1.01 -0.31 147.4 +82.2  46.0 *
005 2450392 ( 39.17749 +24.50000) 1.02 -0.65 128.7 +78.7  47.0 *
006 2450207 ( 20.71517 +24.50000) 1.02  0.58 228.2 +79.3  47.0 *
007 2530217 ( 21.73474 +25.30000) 1.01  0.52 227.5 +80.5  60.0 *
008 2290083 (  9.17296 +22.90000) 1.06  1.32 247.7 +70.2  61.0 *
009 2450146 ( 14.56106 +24.50000) 1.04  0.99 244.1 +74.9  62.0 *
010 2370450 ( 46.35987 +23.70000) 1.05 -1.17 113.7 +72.4  62.0 *
011 2450453 ( 45.33160 +24.50000) 1.04 -1.06 114.2 +74.2  65.0 *
012 2210454 ( 47.97477 +22.10000) 1.07 -1.32 114.3 +69.8  65.0 *
013 2450084 (  8.40695 +24.50000) 1.06  1.41 253.4 +70.0  66.0 *
014 2610335 ( 33.46222 +26.10000) 1.01 -0.27 148.3 +83.2  67.0 *
015 2610272 ( 27.22634 +26.10000) 1.01  0.15 199.2 +83.8  68.0 *
016 2610210 ( 20.99045 +26.10000) 1.01  0.57 233.9 +80.5  68.0 *
017 2530403 ( 40.31712 +25.30000) 1.02 -0.72 122.3 +78.4  71.0 *
018 2610397 ( 39.69811 +26.10000) 1.02 -0.68 120.7 +79.3  74.0 *
019 2530155 ( 15.54062 +25.30000) 1.03  0.93 244.9 +76.1  75.0 *
020 2370022 (  0.44937 +23.70000) 1.11  1.84 258.3 +64.3  76.0 *
021 2530093 (  9.34649 +25.30000) 1.06  1.34 254.4 +71.1  81.0 *
022 2530465 ( 46.51124 +25.30000) 1.04 -1.14 109.7 +73.7  85.0 *
023 2450023 (  2.31783 +24.50000) 1.10  1.81 259.5 +65.0  85.0 *
024 2610148 ( 14.75456 +26.10000) 1.03  0.98 249.3 +75.9  89.0 *
025 2450515 ( 51.48571 +24.50000) 1.07 -1.47 105.5 +69.3  89.0 *
026 2450576 ( 57.20024 +24.50000) 1.11 -1.86  99.8 +64.4  93.0 *
027 2530032 (  3.15237 +25.30000) 1.09  1.76 260.6 +66.0  94.0 *
028 2610085 (  8.51867 +26.10000) 1.06  1.40 257.6 +70.8  96.0 *
029 2530527 ( 52.70537 +25.30000) 1.07 -1.55 102.2 +68.6 100.0 *
030 2533385 (338.51999 +25.30000) 1.41  3.40 275.0 +45.2 100.0 *
031 2610459 ( 45.93400 +26.10000) 1.04 -1.10 108.0 +74.5 100.0 *
032 2610023 (  2.39574 +26.10000) 1.10  1.81 263.0 +65.7 108.0 *
033 2613390 (339.02077 +26.10000) 1.39  3.36 275.8 +45.9 110.0 *
034 2613328 (332.78488 +26.10000) 1.54  3.78 278.5 +40.6 110.0 *
035 2530589 ( 58.89949 +25.30000) 1.12 -1.96  97.0 +63.4 112.0 *
036 2613453 (345.25666 +26.10000) 1.28  2.95 273.0 +51.2 113.0 *
037 2613573 (357.28301 +26.10000) 1.14  2.13 266.4 +61.5 115.0 *
038 2530651 ( 65.53606 +25.30000) 1.19 -2.48  91.9 +56.8 119.0 *
039 2613515 (351.49255 +26.10000) 1.20  2.53 269.9 +56.4 120.0 *
040 2610522 ( 52.16989 +26.10000) 1.07 -1.51 100.7 +69.4 121.0 *
041 2450699 ( 72.58551 +24.50000) 1.30 -2.97  89.3 +50.4 124.0 *
042 2610584 ( 58.40578 +26.10000) 1.11 -1.93  95.6 +64.1 135.0 *
043 2610646 ( 64.64167 +26.10000) 1.17 -2.34  91.7 +58.8 137.0 *
044 2610709 ( 70.87756 +26.10000) 1.24 -2.76  88.4 +53.6 151.0 *
