#No  Block  (       RA       Dec) Airm HA       Az   Alt   Key Other
001 2213105 (310.45993 +22.10000) 1.02 -0.05 176.1 +80.1  40.0 *
002 2213346 (335.49963 +22.10000) 1.11 -1.75 106.4 +64.7  41.0 *
003 2293357 (335.70876 +22.90000) 1.10 -1.73 105.0 +65.3  43.0 *
004 2293114 (311.39227 +22.90000) 1.01 -0.11 170.4 +80.8  43.0 *
005 2293175 (317.47139 +22.90000) 1.02 -0.52 141.0 +78.6  49.0 *
006 2373124 (312.39675 +23.70000) 1.01 -0.18 163.4 +81.4  49.0 *
007 2373246 (324.62833 +23.70000) 1.04 -0.99 118.4 +74.5  50.0 *
008 2213407 (338.52167 +22.10000) 1.14 -2.00 102.9 +61.7  51.0 *
009 2373185 (318.51254 +23.70000) 1.02 -0.59 134.6 +78.7  52.0 *
010 2373369 (336.85990 +23.70000) 1.11 -1.81 102.2 +64.7  58.0 *
011 2453249 (324.90396 +24.50000) 1.04 -1.01 115.4 +74.7  59.0 *
012 2453311 (331.05806 +24.50000) 1.07 -1.42 106.3 +69.8  59.0 *
013 2453187 (318.74985 +24.50000) 1.02 -0.60 131.0 +79.1  61.0 *
014 2453126 (312.59574 +24.50000) 1.01 -0.19 160.6 +82.1  66.0 *
015 2533323 (332.32587 +25.30000) 1.07 -1.51 102.9 +69.1  69.0 *
016 2453372 (337.21217 +24.50000) 1.11 -1.83 100.2 +64.7  69.0 *
017 2373430 (342.97569 +23.70000) 1.16 -2.22  97.3 +59.6  69.0 *
018 2533137 (313.74349 +25.30000) 1.01 -0.27 151.2 +82.5  70.0 *
019 2533261 (326.13174 +25.30000) 1.04 -1.09 110.7 +74.2  74.0 *
020 2613328 (332.78488 +26.10000) 1.07 -1.54 100.3 +69.1  79.0 *
021 2533199 (319.93762 +25.30000) 1.02 -0.68 124.1 +78.9  80.0 *
022 2533385 (338.51999 +25.30000) 1.11 -1.92  97.4 +64.0  82.0 *
023 2613265 (326.54899 +26.10000) 1.04 -1.12 107.5 +74.2  82.0 *
024 2453434 (343.36629 +24.50000) 1.16 -2.24  95.6 +59.6  82.0 *
025 2613141 (314.07721 +26.10000) 1.01 -0.29 146.0 +83.0  83.0 *
026 2613203 (320.31311 +26.10000) 1.02 -0.71 119.7 +79.1  84.0 *
027 2453495 (349.52039 +24.50000) 1.23 -2.65  91.8 +54.4  90.0 *
028 2533447 (344.71412 +25.30000) 1.17 -2.33  93.3 +58.7  94.0 *
029 2373552 (355.20728 +23.70000) 1.32 -3.03  89.9 +49.2  95.0 *
030 2613390 (339.02077 +26.10000) 1.11 -1.95  95.4 +63.8 100.0 *
031 2453557 (355.67450 +24.50000) 1.32 -3.06  88.5 +49.1 103.0 *
032 2373591 (359.13886 +23.70000) 1.42 -3.37  87.3 +44.9 104.0 *
033 2533509 (350.90824 +25.30000) 1.24 -2.74  89.8 +53.5 106.0 *
034 2613453 (345.25666 +26.10000) 1.17 -2.37  91.5 +58.5 106.0 *
035 2453592 (359.19113 +24.50000) 1.41 -3.39  86.1 +45.0 118.0 *
036 2533571 (357.10237 +25.30000) 1.34 -3.16  86.7 +48.2 121.0 *
037 2613515 (351.49255 +26.10000) 1.25 -2.78  88.2 +53.2 126.0 *
038 2370022 (  0.44937 +23.70000) 1.45 -3.47  86.6 +43.6 128.0 *
039 2290083 (  9.17296 +22.90000) 1.67 -3.99  83.9 +36.7 131.0 *
040 2613573 (357.28301 +26.10000) 1.34 -3.19  85.4 +48.1 136.0 *
041 2450023 (  2.31783 +24.50000) 1.45 -3.51  85.3 +43.5 143.0 *
042 2450084 (  8.40695 +24.50000) 1.61 -3.91  82.6 +38.4 148.0 *
043 2530093 (  9.34649 +25.30000) 1.63 -3.97  81.2 +37.9 153.0 *
044 2530032 (  3.15237 +25.30000) 1.46 -3.56  83.9 +43.1 158.0 *
045 2610023 (  2.39574 +26.10000) 1.44 -3.51  83.2 +44.0 165.0 *
046 2610085 (  8.51867 +26.10000) 1.59 -3.92  80.6 +38.9 171.0 *
