#No  Block  (       RA       Dec) Airm HA       Az   Alt   Key Other
001 2213407 (338.52167 +22.10000) 1.02 -0.35 153.7 +79.1  27.0 *
002 2373369 (336.85990 +23.70000) 1.01 -0.16 165.2 +81.5  28.0 *
003 2453311 (331.05806 +24.50000) 1.01  0.23 202.9 +82.0  41.0 *
004 2373430 (342.97569 +23.70000) 1.02 -0.57 135.7 +78.8  45.0 *
005 2453372 (337.21217 +24.50000) 1.01 -0.18 161.5 +82.2  45.0 *
006 2453434 (343.36629 +24.50000) 1.02 -0.59 131.4 +79.2  51.0 *
007 2533323 (332.32587 +25.30000) 1.01  0.14 196.4 +83.1  53.0 *
008 2533385 (338.51999 +25.30000) 1.01 -0.27 151.0 +82.5  54.0 *
009 2453187 (318.74985 +24.50000) 1.04  1.05 245.6 +74.3  62.0 *
010 2373124 (312.39675 +23.70000) 1.07  1.47 252.6 +68.8  64.0 *
011 2533261 (326.13174 +25.30000) 1.02  0.56 229.8 +80.1  64.0 *
012 2613390 (339.02077 +26.10000) 1.01 -0.30 144.8 +82.9  68.0 *
013 2453495 (349.52039 +24.50000) 1.04 -1.00 115.6 +74.8  68.0 *
014 2373552 (355.20728 +23.70000) 1.06 -1.38 109.1 +69.9  70.0 *
015 2613328 (332.78488 +26.10000) 1.01  0.11 194.7 +84.0  74.0 *
016 2533447 (344.71412 +25.30000) 1.02 -0.68 124.0 +78.8  77.0 *
017 2453126 (312.59574 +24.50000) 1.07  1.46 254.3 +69.4  77.0 *
018 2533137 (313.74349 +25.30000) 1.06  1.38 255.1 +70.7  79.0 *
019 2533199 (319.93762 +25.30000) 1.03  0.97 246.1 +75.6  79.0 *
020 2373591 (359.13886 +23.70000) 1.10 -1.72 103.5 +65.8  81.0 *
021 2533509 (350.90824 +25.30000) 1.04 -1.09 110.7 +74.1  82.0 *
022 2453557 (355.67450 +24.50000) 1.06 -1.41 106.5 +69.9  83.0 *
023 2613265 (326.54899 +26.10000) 1.01  0.53 231.8 +80.9  85.0 *
024 2613203 (320.31311 +26.10000) 1.03  0.94 248.3 +76.3  90.0 *
025 2613453 (345.25666 +26.10000) 1.02 -0.72 119.2 +78.9  94.0 *
026 2453592 (359.19113 +24.50000) 1.10 -1.74 101.4 +65.9  96.0 *
027 2613515 (351.49255 +26.10000) 1.04 -1.13 107.2 +74.0  99.0 *
028 2613141 (314.07721 +26.10000) 1.06  1.36 257.0 +71.3 102.0 *
029 2533571 (357.10237 +25.30000) 1.07 -1.51 102.8 +69.1 103.0 *
030 2613573 (357.28301 +26.10000) 1.07 -1.54 100.4 +69.1 117.0 *
031 2370022 (  0.44937 +23.70000) 1.11 -1.82 102.0 +64.5 121.0 *
032 2290083 (  9.17296 +22.90000) 1.18 -2.34  97.4 +57.7 124.0 *
033 2290144 ( 13.51520 +22.90000) 1.24 -2.63  94.5 +54.0 125.0 *
034 2210152 ( 15.16413 +22.10000) 1.26 -2.71  95.0 +52.7 126.0 *
035 2450023 (  2.31783 +24.50000) 1.11 -1.86  99.9 +64.5 131.0 *
036 2450084 (  8.40695 +24.50000) 1.16 -2.26  95.4 +59.3 135.0 *
037 2290205 ( 22.63388 +22.90000) 1.40 -3.29  89.0 +45.7 136.0 *
038 2290265 ( 26.54189 +22.90000) 1.46 -3.47  87.6 +43.4 137.0 *
039 2370206 ( 22.33355 +23.70000) 1.38 -3.25  88.2 +46.5 139.0 *
040 2370267 ( 26.70198 +23.70000) 1.45 -3.48  86.5 +43.5 146.0 *
041 2450146 ( 14.56106 +24.50000) 1.23 -2.67  91.6 +54.1 147.0 *
042 2530093 (  9.34649 +25.30000) 1.17 -2.32  93.3 +58.8 151.0 *
043 2450207 ( 20.71517 +24.50000) 1.33 -3.08  88.4 +48.9 154.0 *
044 2530032 (  3.15237 +25.30000) 1.11 -1.91  97.5 +64.1 158.0 *
045 2610023 (  2.39574 +26.10000) 1.10 -1.86  96.3 +65.0 160.0 *
046 2450269 ( 26.86928 +24.50000) 1.45 -3.49  85.4 +43.7 162.0 *
047 2450330 ( 33.02338 +24.50000) 1.64 -3.98  82.1 +37.5 162.0 *
048 2530217 ( 21.73474 +25.30000) 1.34 -3.15  86.7 +48.3 163.0 *
049 2530155 ( 15.54062 +25.30000) 1.24 -2.74  89.8 +53.6 167.0 *
050 2610148 ( 14.75456 +26.10000) 1.23 -2.68  89.0 +54.5 172.0 *
051 2610085 (  8.51867 +26.10000) 1.16 -2.27  92.4 +59.8 174.0 *
052 2530279 ( 27.92887 +25.30000) 1.46 -3.56  83.9 +43.1 176.0 *
053 2610210 ( 20.99045 +26.10000) 1.32 -3.10  86.0 +49.2 178.0 *
054 2530341 ( 34.12299 +25.30000) 1.63 -3.98  81.2 +37.9 179.0 *
055 2610272 ( 27.22634 +26.10000) 1.44 -3.52  83.2 +44.0 189.0 *
056 2610335 ( 33.46222 +26.10000) 1.60 -3.93  80.5 +38.7 190.0 *
