#No  Block  (       RA       Dec) Airm HA       Az   Alt   Key Other
001 2453592 (359.19113 +24.50000) 1.01 -0.33 148.2 +81.3  42.0 *
002 2533509 (350.90824 +25.30000) 1.01  0.31 212.7 +82.2  53.0 *
003 2453311 (331.05806 +24.50000) 1.08  1.63 257.1 +67.2  58.0 *
004 2533447 (344.71412 +25.30000) 1.02  0.72 237.8 +78.4  58.0 *
005 2533571 (357.10237 +25.30000) 1.01 -0.10 168.2 +83.2  59.0 *
006 2453372 (337.21217 +24.50000) 1.05  1.22 249.8 +72.2  61.0 *
007 2613573 (357.28301 +26.10000) 1.01 -0.13 163.3 +83.9  72.0 *
008 2453187 (318.74985 +24.50000) 1.19  2.45 266.5 +56.9  74.0 *
009 2373124 (312.39675 +23.70000) 1.28  2.88 268.9 +51.2  75.0 *
010 2533385 (338.51999 +25.30000) 1.04  1.14 250.3 +73.6  75.0 *
011 2533323 (332.32587 +25.30000) 1.07  1.55 257.8 +68.6  77.0 *
012 2533261 (326.13174 +25.30000) 1.12  1.96 263.0 +63.4  78.0 *
013 2613390 (339.02077 +26.10000) 1.04  1.10 252.1 +74.4  80.0 *
014 2613515 (351.49255 +26.10000) 1.01  0.27 212.3 +83.1  80.0 *
015 2453126 (312.59574 +24.50000) 1.27  2.86 269.9 +51.7  87.0 *
016 2613453 (345.25666 +26.10000) 1.02  0.69 239.6 +79.3  89.0 *
017 2613328 (332.78488 +26.10000) 1.07  1.52 259.4 +69.3  91.0 *
018 2533137 (313.74349 +25.30000) 1.25  2.79 270.6 +52.9  95.0 *
019 2370022 (  0.44937 +23.70000) 1.02 -0.42 144.7 +80.1  95.0 *
020 2533199 (319.93762 +25.30000) 1.18  2.38 267.1 +58.2  95.0 *
021 2613265 (326.54899 +26.10000) 1.11  1.93 264.4 +64.0  96.0 *
022 2290083 (  9.17296 +22.90000) 1.04 -0.94 122.5 +74.6  97.0 *
023 2290144 ( 13.51520 +22.90000) 1.06 -1.23 114.5 +71.4  99.0 *
024 2450023 (  2.31783 +24.50000) 1.01 -0.45 139.8 +80.5  99.0 *
025 2210152 ( 15.16413 +22.10000) 1.06 -1.31 114.7 +70.0 101.0 *
026 2613203 (320.31311 +26.10000) 1.17  2.35 268.4 +58.8 103.0 *
027 2450084 (  8.40695 +24.50000) 1.03 -0.86 120.2 +76.5 106.0 *
028 2290205 ( 22.63388 +22.90000) 1.12 -1.88 102.9 +63.5 115.0 *
029 2370206 ( 22.33355 +23.70000) 1.11 -1.85 101.7 +64.3 116.0 *
030 2290265 ( 26.54189 +22.90000) 1.14 -2.06 100.5 +61.2 117.0 *
031 2613141 (314.07721 +26.10000) 1.24  2.77 271.7 +53.5 121.0 *
032 2370267 ( 26.70198 +23.70000) 1.14 -2.08  98.9 +61.4 123.0 *
033 2450146 ( 14.56106 +24.50000) 1.05 -1.27 109.3 +71.7 123.0 *
034 2530032 (  3.15237 +25.30000) 1.01 -0.51 133.1 +80.6 127.0 *
035 2450207 ( 20.71517 +24.50000) 1.09 -1.68 102.3 +66.7 129.0 *
036 2530093 (  9.34649 +25.30000) 1.03 -0.92 115.4 +76.2 130.0 *
037 2530155 ( 15.54062 +25.30000) 1.06 -1.33 105.8 +71.3 130.0 *
038 2530217 ( 21.73474 +25.30000) 1.09 -1.74  99.5 +66.2 133.0 *
039 2450269 ( 26.86928 +24.50000) 1.14 -2.09  97.2 +61.5 133.0 *
040 2450330 ( 33.02338 +24.50000) 1.22 -2.57  92.5 +55.4 135.0 *
041 2210454 ( 47.97477 +22.10000) 1.51 -3.59  87.7 +41.6 136.0 *
042 2610023 (  2.39574 +26.10000) 1.01 -0.46 132.8 +81.6 140.0 *
043 2370450 ( 46.35987 +23.70000) 1.44 -3.43  86.9 +44.2 140.0 *
044 2610085 (  8.51867 +26.10000) 1.03 -0.86 114.1 +77.3 141.0 *
045 2450392 ( 39.17749 +24.50000) 1.28 -2.91  89.7 +51.1 147.0 *
046 2450453 ( 45.33160 +24.50000) 1.39 -3.32  86.6 +45.9 152.0 *
047 2450515 ( 51.48571 +24.50000) 1.53 -3.73  83.8 +40.7 153.0 *
048 2530341 ( 34.12299 +25.30000) 1.21 -2.57  91.2 +55.7 153.0 *
049 2530279 ( 27.92887 +25.30000) 1.14 -2.16  94.9 +60.9 154.0 *
050 2610148 ( 14.75456 +26.10000) 1.05 -1.28 104.4 +72.3 154.0 *
051 2530403 ( 40.31712 +25.30000) 1.30 -2.98  88.0 +50.4 161.0 *
052 2610272 ( 27.22634 +26.10000) 1.13 -2.11  93.8 +61.8 163.0 *
053 2610210 ( 20.99045 +26.10000) 1.09 -1.69  98.3 +67.1 164.0 *
054 2530527 ( 52.70537 +25.30000) 1.56 -3.81  82.3 +40.0 172.0 *
055 2610335 ( 33.46222 +26.10000) 1.20 -2.53  90.2 +56.5 173.0 *
056 2530465 ( 46.51124 +25.30000) 1.41 -3.40  85.0 +45.2 173.0 *
057 2610397 ( 39.69811 +26.10000) 1.28 -2.94  87.1 +51.2 176.0 *
058 2610459 ( 45.93400 +26.10000) 1.39 -3.36  84.2 +46.0 177.0 *
059 2610522 ( 52.16989 +26.10000) 1.53 -3.77  81.5 +40.7 188.0 *
