#No  Block  (       RA       Dec) Airm HA       Az   Alt   Key Other
001 2053097 (309.66010 +20.50000) 1.15 -2.04 105.2 +60.4   2.0 *
002 2133105 (310.45695 +21.30000) 1.15 -2.10 103.0 +60.1   6.0 *
003 2213105 (310.45993 +22.10000) 1.15 -2.10 101.6 +60.4   7.0 *
004 2053156 (315.63872 +20.50000) 1.21 -2.44 100.2 +55.4  12.0 *
005 2293114 (311.39227 +22.90000) 1.15 -2.16  99.4 +60.0  16.0 *
006 2133165 (316.03820 +21.30000) 1.22 -2.48  98.5 +55.2  19.0 *
007 2213165 (316.50400 +22.10000) 1.22 -2.50  97.1 +55.4  21.0 *
008 2373124 (312.39675 +23.70000) 1.16 -2.22  97.2 +59.5  26.0 *
009 2053216 (319.90915 +20.50000) 1.29 -2.79  96.6 +51.1  26.0 *
010 2293175 (317.47139 +22.90000) 1.22 -2.56  95.2 +54.9  30.0 *
011 2453126 (312.59574 +24.50000) 1.16 -2.24  95.6 +59.6  31.0 *
012 2213225 (322.54807 +22.10000) 1.30 -2.90  93.3 +50.3  33.0 *
013 2373185 (318.51254 +23.70000) 1.23 -2.63  93.2 +54.3  37.0 *
014 2293236 (323.55052 +22.90000) 1.31 -2.97  91.5 +49.7  39.0 *
015 2213286 (326.43355 +22.10000) 1.39 -3.24  90.4 +46.0  43.0 *
016 2453187 (318.74985 +24.50000) 1.23 -2.65  91.8 +54.4  45.0 *
017 2373246 (324.62833 +23.70000) 1.32 -3.04  89.8 +49.1  46.0 *
018 2293296 (329.62964 +22.90000) 1.42 -3.37  88.3 +44.6  50.0 *
019 2213346 (335.49963 +22.10000) 1.59 -3.80  86.2 +38.9  52.0 *
020 2453249 (324.90396 +24.50000) 1.32 -3.06  88.6 +49.2  52.0 *
021 2293357 (335.70876 +22.90000) 1.57 -3.78  85.4 +39.4  55.0 *
022 2373307 (330.74411 +23.70000) 1.44 -3.45  86.8 +44.0  57.0 *
023 2453311 (331.05806 +24.50000) 1.44 -3.47  85.6 +44.0  62.0 *
024 2373369 (336.85990 +23.70000) 1.60 -3.86  83.9 +38.8  66.0 *
025 2453372 (337.21217 +24.50000) 1.60 -3.88  82.8 +38.8  67.0 *
