#No  Block  (       RA       Dec) Airm HA       Az   Alt   Key Other
001 2210152 ( 15.16413 +22.10000) 1.02  0.16 192.8 +79.9  30.0 *
002 2450146 ( 14.56106 +24.50000) 1.01  0.20 200.3 +82.1  35.0 *
003 2290205 ( 22.63388 +22.90000) 1.02 -0.41 147.2 +79.4  43.0 *
004 2370206 ( 22.33355 +23.70000) 1.01 -0.38 147.3 +80.3  45.0 *
005 2290083 (  9.17296 +22.90000) 1.02  0.53 219.8 +78.5  46.0 *
006 2450207 ( 20.71517 +24.50000) 1.01 -0.21 158.8 +82.0  48.0 *
007 2450084 (  8.40695 +24.50000) 1.02  0.61 229.5 +79.0  53.0 *
008 2530155 ( 15.54062 +25.30000) 1.01  0.14 195.5 +83.1  55.0 *
009 2290265 ( 26.54189 +22.90000) 1.02 -0.60 136.5 +77.9  57.0 *
010 2370267 ( 26.70198 +23.70000) 1.02 -0.61 133.4 +78.5  64.0 *
011 2450269 ( 26.86928 +24.50000) 1.02 -0.62 130.0 +78.9  65.0 *
012 2370022 (  0.44937 +23.70000) 1.04  1.05 243.2 +73.8  67.0 *
013 2530093 (  9.34649 +25.30000) 1.01  0.55 229.3 +80.2  69.0 *
014 2530217 ( 21.73474 +25.30000) 1.01 -0.28 150.2 +82.4  69.0 *
015 2610148 ( 14.75456 +26.10000) 1.01  0.19 203.5 +83.6  70.0 *
016 2450023 (  2.31783 +24.50000) 1.04  1.02 244.8 +74.7  70.0 *
017 2610210 ( 20.99045 +26.10000) 1.01 -0.23 152.1 +83.4  73.0 *
018 2530032 (  3.15237 +25.30000) 1.03  0.96 245.9 +75.7  77.0 *
019 2610085 (  8.51867 +26.10000) 1.01  0.60 235.8 +80.2  84.0 *
020 2450330 ( 33.02338 +24.50000) 1.04 -1.11 112.9 +73.6  90.0 *
021 2530279 ( 27.92887 +25.30000) 1.02 -0.69 123.6 +78.7  94.0 *
022 2610272 ( 27.22634 +26.10000) 1.02 -0.64 122.3 +79.7  98.0 *
023 2450392 ( 39.17749 +24.50000) 1.07 -1.44 106.0 +69.6 104.0 *
024 2610023 (  2.39574 +26.10000) 1.03  1.01 250.0 +75.5 105.0 *
025 2453187 (318.74985 +24.50000) 1.61  3.92 277.5 +38.3 105.0 *
026 2210454 ( 47.97477 +22.10000) 1.15 -2.12 101.3 +60.2 105.0 *
027 2530341 ( 34.12299 +25.30000) 1.04 -1.10 110.5 +74.0 105.0 *
028 2370450 ( 46.35987 +23.70000) 1.12 -1.97 100.2 +62.8 109.0 *
029 2530403 ( 40.31712 +25.30000) 1.07 -1.52 102.7 +69.0 112.0 *
030 2450453 ( 45.33160 +24.50000) 1.11 -1.85  99.9 +64.5 119.0 *
031 2610335 ( 33.46222 +26.10000) 1.04 -1.06 108.8 +74.9 121.0 *
032 2533261 (326.13174 +25.30000) 1.42  3.43 275.2 +44.8 122.0 *
033 2533385 (338.51999 +25.30000) 1.22  2.60 269.1 +55.3 122.0 *
034 2533199 (319.93762 +25.30000) 1.57  3.84 277.9 +39.6 123.0 *
035 2610397 ( 39.69811 +26.10000) 1.07 -1.48 101.2 +69.8 130.0 *
036 2613390 (339.02077 +26.10000) 1.21  2.57 270.2 +56.0 131.0 *
037 2450515 ( 51.48571 +24.50000) 1.16 -2.26  95.4 +59.3 131.0 *
038 2530465 ( 46.51124 +25.30000) 1.11 -1.93  97.3 +63.8 132.0 *
039 2613573 (357.28301 +26.10000) 1.05  1.34 256.6 +71.5 132.0 *
040 2613453 (345.25666 +26.10000) 1.14  2.15 266.6 +61.3 133.0 *
041 2613203 (320.31311 +26.10000) 1.55  3.82 278.7 +40.2 134.0 *
042 2613265 (326.54899 +26.10000) 1.40  3.40 276.1 +45.4 136.0 *
043 2613515 (351.49255 +26.10000) 1.09  1.74 262.3 +66.5 137.0 *
044 2450576 ( 57.20024 +24.50000) 1.23 -2.66  91.8 +54.3 140.0 *
045 2530527 ( 52.70537 +25.30000) 1.17 -2.34  93.2 +58.6 149.0 *
046 2613328 (332.78488 +26.10000) 1.29  2.99 273.2 +50.7 149.0 *
047 2610459 ( 45.93400 +26.10000) 1.11 -1.89  96.0 +64.6 152.0 *
048 2530589 ( 58.89949 +25.30000) 1.25 -2.76  89.7 +53.3 153.0 *
049 2530651 ( 65.53606 +25.30000) 1.37 -3.27  85.9 +46.7 157.0 *
050 2450699 ( 72.58551 +24.50000) 1.55 -3.76  83.6 +40.3 161.0 *
051 2610522 ( 52.16989 +26.10000) 1.16 -2.31  92.0 +59.3 170.0 *
052 2610646 ( 64.64167 +26.10000) 1.33 -3.14  85.7 +48.7 172.0 *
053 2610584 ( 58.40578 +26.10000) 1.24 -2.72  88.7 +54.0 179.0 *
054 2610709 ( 70.87756 +26.10000) 1.45 -3.55  82.9 +43.5 192.0 *
