#No  Block  (       RA       Dec) Airm HA       Az   Alt   Key Other
001 2450453 ( 45.33160 +24.50000) 1.01 -0.41 142.2 +80.7  38.0 *
002 2450515 ( 51.48571 +24.50000) 1.03 -0.83 121.3 +76.8  41.0 *
003 2530403 ( 40.31712 +25.30000) 1.01 -0.08 170.7 +83.3  47.0 *
004 2530465 ( 46.51124 +25.30000) 1.01 -0.49 133.9 +80.7  50.0 *
005 2530341 ( 34.12299 +25.30000) 1.01  0.33 214.5 +82.0  53.0 *
006 2530527 ( 52.70537 +25.30000) 1.03 -0.91 115.8 +76.4  54.0 *
007 2450576 ( 57.20024 +24.50000) 1.05 -1.22 110.2 +72.3  59.0 *
008 2450207 ( 20.71517 +24.50000) 1.05  1.23 249.9 +72.2  59.0 *
009 2450146 ( 14.56106 +24.50000) 1.08  1.64 257.1 +67.2  62.0 *
010 2290083 (  9.17296 +22.90000) 1.13  1.97 258.2 +62.4  63.0 *
011 2530279 ( 27.92887 +25.30000) 1.02  0.75 238.6 +78.2  63.0 *
012 2610459 ( 45.93400 +26.10000) 1.01 -0.45 132.8 +81.6  66.0 *
013 2450084 (  8.40695 +24.50000) 1.13  2.05 262.4 +62.0  66.0 *
014 2530217 ( 21.73474 +25.30000) 1.04  1.16 250.8 +73.4  67.0 *
015 2610397 ( 39.69811 +26.10000) 1.01 -0.04 174.8 +84.1  67.0 *
016 2610522 ( 52.16989 +26.10000) 1.03 -0.87 113.9 +77.2  67.0 *
017 2530589 ( 58.89949 +25.30000) 1.05 -1.32 106.0 +71.4  68.0 *
018 2610272 ( 27.22634 +26.10000) 1.02  0.79 243.6 +78.1  69.0 *
019 2450023 (  2.31783 +24.50000) 1.19  2.45 266.4 +56.9  70.0 *
020 2370022 (  0.44937 +23.70000) 1.20  2.49 265.4 +56.2  70.0 *
021 2530155 ( 15.54062 +25.30000) 1.08  1.57 258.1 +68.3  70.0 *
022 2610335 ( 33.46222 +26.10000) 1.01  0.38 221.5 +82.3  70.0 *
023 2610210 ( 20.99045 +26.10000) 1.04  1.21 254.3 +73.1  74.0 *
024 2530651 ( 65.53606 +25.30000) 1.10 -1.84  98.4 +65.0  79.0 *
025 2530093 (  9.34649 +25.30000) 1.12  1.98 263.3 +63.1  81.0 *
026 2530032 (  3.15237 +25.30000) 1.18  2.40 267.3 +57.9  83.0 *
027 2450699 ( 72.58551 +24.50000) 1.17 -2.32  94.8 +58.5  86.0 *
028 2610148 ( 14.75456 +26.10000) 1.08  1.62 260.8 +68.0  86.0 *
029 2610085 (  8.51867 +26.10000) 1.13  2.04 265.5 +62.7  89.0 *
030 2610584 ( 58.40578 +26.10000) 1.05 -1.29 104.2 +72.2  89.0 *
031 2610646 ( 64.64167 +26.10000) 1.09 -1.70  98.2 +67.0  90.0 *
032 2613453 (345.25666 +26.10000) 1.47  3.59 277.3 +43.0  92.0 *
033 2610023 (  2.39574 +26.10000) 1.19  2.45 269.2 +57.5  98.0 *
034 2613573 (357.28301 +26.10000) 1.25  2.77 271.7 +53.4 100.0 *
035 2690651 ( 63.29913 +26.90000) 1.08 -1.67  96.6 +67.6 102.0 *
036 2613515 (351.49255 +26.10000) 1.34  3.17 274.6 +48.3 102.0 *
037 2610709 ( 70.87756 +26.10000) 1.14 -2.12  93.7 +61.7 111.0 *
038 2693575 (357.53632 +26.90000) 1.24  2.74 272.8 +54.0 111.0 *
