#No  Block  (       RA       Dec) Airm HA       Az   Alt   Key Other
001 2293296 (329.62964 +22.90000) 1.10 -1.75 104.7 +65.0  35.0 *
002 2213105 (310.45993 +22.10000) 1.02 -0.48 145.5 +78.3  37.0 *
003 2293114 (311.39227 +22.90000) 1.02 -0.54 139.7 +78.5  37.0 *
004 2293175 (317.47139 +22.90000) 1.04 -0.94 122.3 +74.5  37.0 *
005 2373246 (324.62833 +23.70000) 1.07 -1.42 108.4 +69.5  39.0 *
006 2373307 (330.74411 +23.70000) 1.11 -1.83 101.9 +64.5  43.0 *
007 2373185 (318.51254 +23.70000) 1.04 -1.01 117.8 +74.3  44.0 *
008 2373124 (312.39675 +23.70000) 1.02 -0.61 133.6 +78.5  44.0 *
009 2453249 (324.90396 +24.50000) 1.07 -1.44 106.0 +69.6  45.0 *
010 2213346 (335.49963 +22.10000) 1.16 -2.18 100.6 +59.4  48.0 *
011 2293357 (335.70876 +22.90000) 1.15 -2.16  99.4 +60.0  52.0 *
012 2453187 (318.74985 +24.50000) 1.04 -1.03 114.9 +74.5  53.0 *
013 2533261 (326.13174 +25.30000) 1.07 -1.52 102.6 +68.9  57.0 *
014 2453311 (331.05806 +24.50000) 1.11 -1.85 100.0 +64.5  57.0 *
015 2453126 (312.59574 +24.50000) 1.02 -0.62 130.1 +78.9  60.0 *
016 2213407 (338.52167 +22.10000) 1.20 -2.42  97.9 +56.3  63.0 *
017 2533137 (313.74349 +25.30000) 1.02 -0.70 123.4 +78.7  67.0 *
018 2613265 (326.54899 +26.10000) 1.07 -1.55 100.2 +68.9  70.0 *
019 2533199 (319.93762 +25.30000) 1.04 -1.11 110.4 +74.0  70.0 *
020 2373369 (336.85990 +23.70000) 1.16 -2.24  97.1 +59.3  71.0 *
021 2533323 (332.32587 +25.30000) 1.11 -1.93  97.3 +63.8  75.0 *
022 2373430 (342.97569 +23.70000) 1.23 -2.64  93.1 +54.2  79.0 *
023 2613141 (314.07721 +26.10000) 1.02 -0.72 119.2 +78.9  80.0 *
024 2613203 (320.31311 +26.10000) 1.04 -1.13 107.2 +74.1  81.0 *
025 2453372 (337.21217 +24.50000) 1.16 -2.26  95.4 +59.4  83.0 *
026 2613328 (332.78488 +26.10000) 1.12 -1.96  95.2 +63.7  85.0 *
027 2533385 (338.51999 +25.30000) 1.17 -2.35  93.1 +58.5  93.0 *
028 2453434 (343.36629 +24.50000) 1.23 -2.67  91.6 +54.1  97.0 *
029 2613390 (339.02077 +26.10000) 1.17 -2.38  91.4 +58.4 106.0 *
030 2373552 (355.20728 +23.70000) 1.44 -3.46  86.7 +43.8 107.0 *
031 2453495 (349.52039 +24.50000) 1.33 -3.08  88.4 +48.9 109.0 *
032 2533447 (344.71412 +25.30000) 1.25 -2.76  89.7 +53.3 115.0 *
033 2533509 (350.90824 +25.30000) 1.34 -3.17  86.6 +48.0 117.0 *
034 2373591 (359.13886 +23.70000) 1.57 -3.80  84.3 +39.5 121.0 *
035 2453557 (355.67450 +24.50000) 1.45 -3.49  85.4 +43.7 126.0 *
036 2613453 (345.25666 +26.10000) 1.25 -2.80  88.1 +53.1 127.0 *
037 2370022 (  0.44937 +23.70000) 1.62 -3.90  83.6 +38.2 130.0 *
038 2613515 (351.49255 +26.10000) 1.35 -3.21  85.2 +47.8 132.0 *
039 2453592 (359.19113 +24.50000) 1.57 -3.82  83.2 +39.6 138.0 *
040 2533571 (357.10237 +25.30000) 1.47 -3.59  83.8 +42.8 141.0 *
041 2450023 (  2.31783 +24.50000) 1.62 -3.93  82.4 +38.1 144.0 *
042 2613573 (357.28301 +26.10000) 1.47 -3.61  82.6 +42.7 150.0 *
043 2530032 (  3.15237 +25.30000) 1.63 -3.99  81.1 +37.7 152.0 *
044 2610023 (  2.39574 +26.10000) 1.60 -3.94  80.5 +38.6 167.0 *
