#No  Block  (       RA       Dec) Airm HA       Az   Alt   Key Other
001 2213225 (322.54807 +22.10000) 1.11 -1.77 106.1 +64.5  23.0 *
002 2213105 (310.45993 +22.10000) 1.04 -0.97 123.9 +73.8  24.0 *
003 2293175 (317.47139 +22.90000) 1.07 -1.43 110.1 +68.9  26.0 *
004 2293114 (311.39227 +22.90000) 1.04 -1.03 119.8 +73.6  30.0 *
005 2373185 (318.51254 +23.70000) 1.07 -1.50 106.9 +68.5  33.0 *
006 2293236 (323.55052 +22.90000) 1.11 -1.84 103.5 +64.0  34.0 *
007 2373124 (312.39675 +23.70000) 1.04 -1.09 115.6 +73.3  37.0 *
008 2213286 (326.43355 +22.10000) 1.15 -2.11 101.5 +60.3  40.0 *
009 2453187 (318.74985 +24.50000) 1.07 -1.52 104.7 +68.7  42.0 *
010 2373246 (324.62833 +23.70000) 1.12 -1.91 100.9 +63.5  46.0 *
011 2453126 (312.59574 +24.50000) 1.04 -1.11 112.9 +73.6  52.0 *
012 2293296 (329.62964 +22.90000) 1.17 -2.24  98.4 +58.9  53.0 *
013 2533199 (319.93762 +25.30000) 1.08 -1.60 101.5 +68.0  53.0 *
014 2453249 (324.90396 +24.50000) 1.12 -1.93  99.0 +63.5  55.0 *
015 2373307 (330.74411 +23.70000) 1.18 -2.32  96.2 +58.3  61.0 *
016 2533137 (313.74349 +25.30000) 1.05 -1.18 108.7 +73.1  63.0 *
017 2213346 (335.49963 +22.10000) 1.25 -2.66  95.4 +53.3  64.0 *
018 2613203 (320.31311 +26.10000) 1.08 -1.62  99.2 +68.0  64.0 *
019 2293357 (335.70876 +22.90000) 1.24 -2.65  94.4 +53.8  67.0 *
020 2533261 (326.13174 +25.30000) 1.12 -2.01  96.4 +62.8  69.0 *
021 2453311 (331.05806 +24.50000) 1.17 -2.34  94.6 +58.4  72.0 *
022 2613141 (314.07721 +26.10000) 1.04 -1.21 105.7 +73.2  73.0 *
023 2213407 (338.52167 +22.10000) 1.30 -2.91  93.2 +50.1  78.0 *
024 2613265 (326.54899 +26.10000) 1.12 -2.04  94.5 +62.7  79.0 *
025 2373369 (336.85990 +23.70000) 1.25 -2.73  92.4 +53.1  84.0 *
026 2533323 (332.32587 +25.30000) 1.18 -2.42  92.4 +57.6  87.0 *
027 2613328 (332.78488 +26.10000) 1.19 -2.45  90.8 +57.5  98.0 *
028 2373430 (342.97569 +23.70000) 1.35 -3.13  89.1 +48.0 100.0 *
029 2453372 (337.21217 +24.50000) 1.25 -2.75  91.0 +53.1 101.0 *
030 2533385 (338.51999 +25.30000) 1.26 -2.84  89.1 +52.3 111.0 *
031 2453434 (343.36629 +24.50000) 1.35 -3.16  87.8 +47.9 117.0 *
032 2533447 (344.71412 +25.30000) 1.37 -3.25  86.0 +47.1 121.0 *
033 2613390 (339.02077 +26.10000) 1.27 -2.87  87.6 +52.2 121.0 *
034 2373552 (355.20728 +23.70000) 1.64 -3.95  83.3 +37.6 123.0 *
035 2453495 (349.52039 +24.50000) 1.47 -3.57  84.9 +42.7 123.0 *
036 2453557 (355.67450 +24.50000) 1.64 -3.98  82.1 +37.5 131.0 *
037 2533509 (350.90824 +25.30000) 1.50 -3.66  83.2 +41.8 131.0 *
038 2613453 (345.25666 +26.10000) 1.37 -3.28  84.7 +46.9 137.0 *
039 2613515 (351.49255 +26.10000) 1.51 -3.70  82.0 +41.6 141.0 *
