#No  Block  (       RA       Dec) Airm HA       Az   Alt   Key Other
001 2370450 ( 46.35987 +23.70000) 1.02 -0.65 131.3 +78.1  40.0 *
002 2450453 ( 45.33160 +24.50000) 1.02 -0.54 134.4 +79.7  41.0 *
003 2450515 ( 51.48571 +24.50000) 1.03 -0.95 117.3 +75.4  45.0 *
004 2530403 ( 40.31712 +25.30000) 1.01 -0.20 157.4 +82.8  52.0 *
005 2530465 ( 46.51124 +25.30000) 1.02 -0.62 127.1 +79.5  57.0 *
006 2530279 ( 27.92887 +25.30000) 1.02  0.62 233.3 +79.4  61.0 *
007 2450207 ( 20.71517 +24.50000) 1.04  1.10 247.1 +73.6  62.0 *
008 2450576 ( 57.20024 +24.50000) 1.06 -1.34 107.7 +70.8  65.0 *
009 2450146 ( 14.56106 +24.50000) 1.07  1.51 255.3 +68.7  65.0 *
010 2530341 ( 34.12299 +25.30000) 1.01  0.21 203.3 +82.8  65.0 *
011 2290083 (  9.17296 +22.90000) 1.11  1.84 256.6 +63.9  66.0 *
012 2530527 ( 52.70537 +25.30000) 1.04 -1.03 112.3 +74.9  67.0 *
013 2530217 ( 21.73474 +25.30000) 1.04  1.04 247.9 +74.8  69.0 *
014 2450084 (  8.40695 +24.50000) 1.12  1.92 261.0 +63.6  70.0 *
015 2610459 ( 45.93400 +26.10000) 1.01 -0.58 125.6 +80.4  72.0 *
016 2370022 (  0.44937 +23.70000) 1.18  2.36 264.2 +57.7  73.0 *
017 2610272 ( 27.22634 +26.10000) 1.02  0.67 238.8 +79.4  73.0 *
018 2610397 ( 39.69811 +26.10000) 1.01 -0.16 159.5 +83.8  74.0 *
019 2610335 ( 33.46222 +26.10000) 1.01  0.25 210.6 +83.3  75.0 *
020 2530155 ( 15.54062 +25.30000) 1.07  1.45 256.2 +69.8  76.0 *
021 2610522 ( 52.16989 +26.10000) 1.03 -0.99 110.5 +75.7  77.0 *
022 2610210 ( 20.99045 +26.10000) 1.04  1.09 251.8 +74.6  78.0 *
023 2530589 ( 58.89949 +25.30000) 1.06 -1.44 103.9 +69.9  79.0 *
024 2450023 (  2.31783 +24.50000) 1.17  2.33 265.3 +58.5  81.0 *
025 2530032 (  3.15237 +25.30000) 1.16  2.27 266.2 +59.5  82.0 *
026 2530093 (  9.34649 +25.30000) 1.11  1.86 261.9 +64.7  84.0 *
027 2530651 ( 65.53606 +25.30000) 1.12 -1.96  97.0 +63.4  88.0 *
028 2533385 (338.51999 +25.30000) 1.60  3.92 278.4 +38.6  89.0 *
029 2610148 ( 14.75456 +26.10000) 1.07  1.50 259.2 +69.5  93.0 *
030 2610085 (  8.51867 +26.10000) 1.11  1.92 264.3 +64.3  94.0 *
031 2450699 ( 72.58551 +24.50000) 1.19 -2.45  93.6 +57.0  95.0 *
032 2610584 ( 58.40578 +26.10000) 1.06 -1.41 102.2 +70.7  97.0 *
033 2610646 ( 64.64167 +26.10000) 1.10 -1.82  96.8 +65.4  98.0 *
034 2613390 (339.02077 +26.10000) 1.58  3.88 279.2 +39.3 100.0 *
035 2613453 (345.25666 +26.10000) 1.43  3.47 276.5 +44.6 104.0 *
036 2610023 (  2.39574 +26.10000) 1.17  2.33 268.1 +59.1 104.0 *
037 2613573 (357.28301 +26.10000) 1.22  2.65 270.8 +54.9 108.0 *
038 2690651 ( 63.29913 +26.90000) 1.09 -1.80  95.2 +66.1 111.0 *
039 2613515 (351.49255 +26.10000) 1.31  3.05 273.7 +49.8 111.0 *
040 2610709 ( 70.87756 +26.10000) 1.15 -2.24  92.6 +60.2 119.0 *
041 2693575 (357.53632 +26.90000) 1.21  2.62 271.9 +55.6 120.0 *
