#No  Block  (       RA       Dec) Airm HA       Az   Alt   Key Other
001 2373552 (355.20728 +23.70000) 1.01 -0.19 162.4 +81.4  36.0 *
002 2453592 (359.19113 +24.50000) 1.02 -0.55 133.9 +79.6  46.0 *
003 2533509 (350.90824 +25.30000) 1.01  0.10 191.2 +83.2  51.0 *
004 2453311 (331.05806 +24.50000) 1.07  1.42 253.7 +69.9  56.0 *
005 2453372 (337.21217 +24.50000) 1.04  1.01 244.6 +74.7  57.0 *
006 2533447 (344.71412 +25.30000) 1.01  0.51 227.1 +80.6  61.0 *
007 2533571 (357.10237 +25.30000) 1.01 -0.32 146.8 +82.1  64.0 *
008 2613515 (351.49255 +26.10000) 1.01  0.06 187.6 +84.1  69.0 *
009 2453187 (318.74985 +24.50000) 1.16  2.24 264.4 +59.6  72.0 *
010 2533323 (332.32587 +25.30000) 1.06  1.34 254.3 +71.2  72.0 *
011 2533385 (338.51999 +25.30000) 1.03  0.92 244.7 +76.2  73.0 *
012 2373124 (312.39675 +23.70000) 1.24  2.66 267.0 +53.9  73.0 *
013 2613573 (357.28301 +26.10000) 1.01 -0.34 141.2 +82.6  79.0 *
014 2533261 (326.13174 +25.30000) 1.09  1.75 260.5 +66.1  79.0 *
015 2613390 (339.02077 +26.10000) 1.03  0.89 246.7 +77.0  82.0 *
016 2613453 (345.25666 +26.10000) 1.01  0.47 228.4 +81.5  85.0 *
017 2453126 (312.59574 +24.50000) 1.23  2.65 268.2 +54.4  86.0 *
018 2533199 (319.93762 +25.30000) 1.14  2.16 265.1 +60.9  96.0 *
019 2613328 (332.78488 +26.10000) 1.05  1.30 256.1 +71.9  96.0 *
020 2370022 (  0.44937 +23.70000) 1.02 -0.63 132.3 +78.3  99.0 *
021 2613265 (326.54899 +26.10000) 1.09  1.72 262.0 +66.7  99.0 *
022 2533137 (313.74349 +25.30000) 1.21  2.57 268.9 +55.6 100.0 *
023 2613203 (320.31311 +26.10000) 1.14  2.14 266.4 +61.5 102.0 *
024 2290083 (  9.17296 +22.90000) 1.05 -1.15 116.3 +72.2 102.0 *
025 2450023 (  2.31783 +24.50000) 1.02 -0.66 127.9 +78.5 103.0 *
026 2290144 ( 13.51520 +22.90000) 1.07 -1.44 109.9 +68.8 104.0 *
027 2210152 ( 15.16413 +22.10000) 1.08 -1.52 110.3 +67.5 106.0 *
028 2613141 (314.07721 +26.10000) 1.20  2.55 270.0 +56.2 111.0 *
029 2450084 (  8.40695 +24.50000) 1.04 -1.07 113.8 +74.0 112.0 *
030 2290205 ( 22.63388 +22.90000) 1.15 -2.09 100.1 +60.8 120.0 *
031 2370206 ( 22.33355 +23.70000) 1.14 -2.06  99.1 +61.6 120.0 *
032 2290265 ( 26.54189 +22.90000) 1.17 -2.28  98.1 +58.5 122.0 *
033 2530093 (  9.34649 +25.30000) 1.04 -1.13 109.8 +73.7 126.0 *
034 2450146 ( 14.56106 +24.50000) 1.07 -1.48 105.3 +69.1 128.0 *
035 2530032 (  3.15237 +25.30000) 1.02 -0.72 122.4 +78.4 129.0 *
036 2370267 ( 26.70198 +23.70000) 1.17 -2.29  96.5 +58.7 129.0 *
037 2450207 ( 20.71517 +24.50000) 1.11 -1.89  99.5 +64.0 132.0 *
038 2610023 (  2.39574 +26.10000) 1.02 -0.67 121.2 +79.5 134.0 *
039 2210454 ( 47.97477 +22.10000) 1.59 -3.80  86.2 +38.9 138.0 *
040 2530155 ( 15.54062 +25.30000) 1.07 -1.55 102.3 +68.6 141.0 *
041 2450330 ( 33.02338 +24.50000) 1.26 -2.79  90.7 +52.7 142.0 *
042 2370450 ( 46.35987 +23.70000) 1.51 -3.65  85.3 +41.4 142.0 *
043 2530217 ( 21.73474 +25.30000) 1.12 -1.96  97.0 +63.5 144.0 *
044 2450269 ( 26.86928 +24.50000) 1.17 -2.30  95.0 +58.8 145.0 *
045 2610148 ( 14.75456 +26.10000) 1.07 -1.49 101.0 +69.6 147.0 *
046 2450392 ( 39.17749 +24.50000) 1.34 -3.12  88.1 +48.4 149.0 *
047 2530341 ( 34.12299 +25.30000) 1.25 -2.78  89.5 +53.0 153.0 *
048 2610085 (  8.51867 +26.10000) 1.04 -1.08 108.4 +74.7 154.0 *
049 2450515 ( 51.48571 +24.50000) 1.62 -3.94  82.4 +38.0 156.0 *
050 2450453 ( 45.33160 +24.50000) 1.46 -3.53  85.1 +43.2 156.0 *
051 2530279 ( 27.92887 +25.30000) 1.18 -2.37  92.9 +58.2 160.0 *
052 2610210 ( 20.99045 +26.10000) 1.11 -1.91  95.8 +64.4 161.0 *
053 2530465 ( 46.51124 +25.30000) 1.48 -3.61  83.6 +42.5 162.0 *
054 2530403 ( 40.31712 +25.30000) 1.35 -3.20  86.4 +47.7 169.0 *
055 2610272 ( 27.22634 +26.10000) 1.17 -2.32  91.9 +59.1 177.0 *
056 2610335 ( 33.46222 +26.10000) 1.24 -2.74  88.5 +53.8 179.0 *
057 2610397 ( 39.69811 +26.10000) 1.33 -3.16  85.6 +48.5 179.0 *
058 2610459 ( 45.93400 +26.10000) 1.46 -3.57  82.8 +43.3 189.0 *
059 2610522 ( 52.16989 +26.10000) 1.62 -3.99  80.2 +38.0 190.0 *
