#No  Block  (       RA       Dec) Airm HA       Az   Alt   Key Other
001 2373246 (324.62833 +23.70000) 1.01 -0.14 167.1 +81.5  23.0 *
002 2453249 (324.90396 +24.50000) 1.01 -0.16 164.0 +82.3  27.0 *
003 2453187 (318.74985 +24.50000) 1.01  0.25 205.2 +81.8  28.0 *
004 2373124 (312.39675 +23.70000) 1.02  0.68 229.9 +77.8  35.0 *
005 2213346 (335.49963 +22.10000) 1.04 -0.89 126.3 +74.6  41.0 *
006 2293357 (335.70876 +22.90000) 1.03 -0.88 124.6 +75.3  42.0 *
007 2533199 (319.93762 +25.30000) 1.01  0.18 199.8 +83.0  43.0 *
008 2533261 (326.13174 +25.30000) 1.01 -0.24 154.0 +82.6  48.0 *
009 2613203 (320.31311 +26.10000) 1.01  0.15 199.2 +83.8  48.0 *
010 2453126 (312.59574 +24.50000) 1.02  0.66 232.1 +78.5  49.0 *
011 2213407 (338.52167 +22.10000) 1.05 -1.14 118.8 +71.9  51.0 *
012 2373369 (336.85990 +23.70000) 1.04 -0.95 119.6 +74.9  53.0 *
013 2453311 (331.05806 +24.50000) 1.02 -0.57 132.8 +79.4  53.0 *
014 2533137 (313.74349 +25.30000) 1.02  0.59 231.5 +79.8  56.0 *
015 2613265 (326.54899 +26.10000) 1.01 -0.27 148.3 +83.2  65.0 *
016 2453372 (337.21217 +24.50000) 1.03 -0.98 116.4 +75.1  67.0 *
017 2533323 (332.32587 +25.30000) 1.02 -0.65 125.4 +79.2  70.0 *
018 2613141 (314.07721 +26.10000) 1.01  0.57 233.9 +80.5  72.0 *
019 2373430 (342.97569 +23.70000) 1.06 -1.36 109.5 +70.2  75.0 *
020 2613328 (332.78488 +26.10000) 1.02 -0.68 120.7 +79.3  78.0 *
021 2453434 (343.36629 +24.50000) 1.06 -1.39 106.9 +70.3  80.0 *
022 2533385 (338.51999 +25.30000) 1.04 -1.06 111.4 +74.5  88.0 *
023 2453495 (349.52039 +24.50000) 1.10 -1.80 100.6 +65.2  92.0 *
024 2373552 (355.20728 +23.70000) 1.15 -2.18  97.7 +60.1  94.0 *
025 2533447 (344.71412 +25.30000) 1.07 -1.48 103.3 +69.5  97.0 *
026 2613390 (339.02077 +26.10000) 1.04 -1.10 108.0 +74.5  98.0 *
027 2453557 (355.67450 +24.50000) 1.15 -2.21  95.9 +60.0 100.0 *
028 2373591 (359.13886 +23.70000) 1.21 -2.51  94.3 +55.8 101.0 *
029 2533509 (350.90824 +25.30000) 1.11 -1.89  97.8 +64.3 110.0 *
030 2613453 (345.25666 +26.10000) 1.07 -1.51 100.7 +69.4 112.0 *
031 2453592 (359.19113 +24.50000) 1.21 -2.53  92.8 +55.9 115.0 *
032 2533571 (357.10237 +25.30000) 1.17 -2.30  93.5 +59.1 120.0 *
033 2370022 (  0.44937 +23.70000) 1.23 -2.62  93.4 +54.5 124.0 *
034 2290144 ( 13.51520 +22.90000) 1.44 -3.43  87.9 +43.9 127.0 *
035 2210152 ( 15.16413 +22.10000) 1.48 -3.51  88.3 +42.6 128.0 *
036 2290083 (  9.17296 +22.90000) 1.35 -3.14  90.2 +47.6 128.0 *
037 2613515 (351.49255 +26.10000) 1.11 -1.93  95.6 +64.1 129.0 *
038 2613573 (357.28301 +26.10000) 1.17 -2.33  91.8 +59.0 138.0 *
039 2450023 (  2.31783 +24.50000) 1.23 -2.65  91.8 +54.4 142.0 *
040 2450084 (  8.40695 +24.50000) 1.32 -3.06  88.6 +49.2 144.0 *
041 2530032 (  3.15237 +25.30000) 1.24 -2.71  90.1 +54.0 146.0 *
042 2450146 ( 14.56106 +24.50000) 1.44 -3.47  85.6 +44.0 148.0 *
043 2450207 ( 20.71517 +24.50000) 1.60 -3.88  82.8 +38.8 151.0 *
044 2530155 ( 15.54062 +25.30000) 1.45 -3.53  84.1 +43.5 157.0 *
045 2530093 (  9.34649 +25.30000) 1.33 -3.12  87.0 +48.7 160.0 *
046 2610023 (  2.39574 +26.10000) 1.22 -2.66  89.2 +54.9 164.0 *
047 2530217 ( 21.73474 +25.30000) 1.61 -3.94  81.4 +38.3 167.0 *
048 2610085 (  8.51867 +26.10000) 1.31 -3.06  86.2 +49.7 171.0 *
049 2610210 ( 20.99045 +26.10000) 1.58 -3.89  80.8 +39.2 172.0 *
050 2610148 ( 14.75456 +26.10000) 1.43 -3.48  83.4 +44.4 173.0 *
