#No  Block  (       RA       Dec) Airm HA       Az   Alt   Key Other
001 2053216 (319.90915 +20.50000) 1.11 -1.75 109.6 +63.9  14.0 *
002 2213105 (310.45993 +22.10000) 1.05 -1.06 121.1 +72.8  16.0 *
003 2293175 (317.47139 +22.90000) 1.08 -1.52 108.4 +67.8  19.0 *
004 2213225 (322.54807 +22.10000) 1.12 -1.86 104.7 +63.3  19.0 *
005 2373185 (318.51254 +23.70000) 1.08 -1.59 105.4 +67.4  25.0 *
006 2293114 (311.39227 +22.90000) 1.05 -1.12 117.2 +72.6  26.0 *
007 2293236 (323.55052 +22.90000) 1.12 -1.93 102.2 +62.9  30.0 *
008 2373124 (312.39675 +23.70000) 1.05 -1.19 113.3 +72.3  30.0 *
009 2453187 (318.74985 +24.50000) 1.08 -1.61 103.3 +67.5  33.0 *
010 2213286 (326.43355 +22.10000) 1.16 -2.20 100.4 +59.2  34.0 *
011 2373246 (324.62833 +23.70000) 1.13 -2.00  99.7 +62.3  39.0 *
012 2293296 (329.62964 +22.90000) 1.18 -2.33  97.5 +57.8  41.0 *
013 2453126 (312.59574 +24.50000) 1.05 -1.20 110.7 +72.5  43.0 *
014 2453249 (324.90396 +24.50000) 1.13 -2.02  97.9 +62.4  49.0 *
015 2213346 (335.49963 +22.10000) 1.27 -2.76  94.6 +52.1  50.0 *
016 2373307 (330.74411 +23.70000) 1.19 -2.41  95.3 +57.2  53.0 *
017 2293357 (335.70876 +22.90000) 1.26 -2.74  93.5 +52.6  58.0 *
018 2213407 (338.52167 +22.10000) 1.33 -3.00  92.4 +49.0  61.0 *
019 2453311 (331.05806 +24.50000) 1.19 -2.43  93.8 +57.2  63.0 *
020 2373369 (336.85990 +23.70000) 1.27 -2.82  91.6 +52.0  71.0 *
021 2453372 (337.21217 +24.50000) 1.27 -2.84  90.2 +52.0  77.0 *
022 2373430 (342.97569 +23.70000) 1.37 -3.22  88.4 +46.8  78.0 *
023 2453434 (343.36629 +24.50000) 1.37 -3.25  87.1 +46.8  83.0 *
024 2453495 (349.52039 +24.50000) 1.51 -3.66  84.3 +41.6  92.0 *
