#No  Block  (       RA       Dec) Airm HA       Az   Alt   Key Other
001 2370206 ( 22.33355 +23.70000) 1.01 -0.10 170.2 +81.6  29.0 *
002 2290265 ( 26.54189 +22.90000) 1.02 -0.32 153.4 +80.0  37.0 *
003 2450207 ( 20.71517 +24.50000) 1.01  0.07 186.8 +82.5  38.0 *
004 2370267 ( 26.70198 +23.70000) 1.01 -0.33 150.6 +80.6  41.0 *
005 2530217 ( 21.73474 +25.30000) 1.01 -0.00 179.7 +83.3  47.0 *
006 2450146 ( 14.56106 +24.50000) 1.01  0.48 221.9 +80.3  49.0 *
007 2450269 ( 26.86928 +24.50000) 1.01 -0.35 147.3 +81.3  52.0 *
008 2290083 (  9.17296 +22.90000) 1.03  0.80 232.7 +76.0  55.0 *
009 2530279 ( 27.92887 +25.30000) 1.01 -0.42 139.0 +81.4  65.0 *
010 2450084 (  8.40695 +24.50000) 1.03  0.89 240.8 +76.1  65.0 *
011 2530155 ( 15.54062 +25.30000) 1.01  0.41 220.6 +81.4  66.0 *
012 2450330 ( 33.02338 +24.50000) 1.03 -0.83 121.1 +76.7  68.0 *
013 2370022 (  0.44937 +23.70000) 1.06  1.32 249.8 +70.6  72.0 *
014 2530093 (  9.34649 +25.30000) 1.03  0.82 241.5 +77.3  74.0 *
015 2610210 ( 20.99045 +26.10000) 1.01  0.05 186.2 +84.1  74.0 *
016 2450023 (  2.31783 +24.50000) 1.06  1.29 251.2 +71.4  75.0 *
017 2450392 ( 39.17749 +24.50000) 1.05 -1.17 111.5 +72.9  78.0 *
018 2610272 ( 27.22634 +26.10000) 1.01 -0.37 139.1 +82.4  78.0 *
019 2610148 ( 14.75456 +26.10000) 1.01  0.46 227.7 +81.6  82.0 *
020 2530341 ( 34.12299 +25.30000) 1.03 -0.83 118.3 +77.2  83.0 *
021 2210454 ( 47.97477 +22.10000) 1.12 -1.84 105.0 +63.6  87.0 *
022 2610335 ( 33.46222 +26.10000) 1.02 -0.78 116.7 +78.2  87.0 *
023 2530032 (  3.15237 +25.30000) 1.05  1.24 252.4 +72.4  89.0 *
024 2370450 ( 46.35987 +23.70000) 1.09 -1.69 103.9 +66.2  91.0 *
025 2530403 ( 40.31712 +25.30000) 1.05 -1.24 107.5 +72.4  93.0 *
026 2450453 ( 45.33160 +24.50000) 1.08 -1.58 103.8 +67.9  93.0 *
027 2610085 (  8.51867 +26.10000) 1.03  0.88 246.4 +77.1  99.0 *
028 2610397 ( 39.69811 +26.10000) 1.04 -1.20 105.8 +73.2 110.0 *
029 2450515 ( 51.48571 +24.50000) 1.12 -1.99  98.3 +62.8 114.0 *
030 2530465 ( 46.51124 +25.30000) 1.08 -1.65 100.7 +67.3 114.0 *
031 2533385 (338.51999 +25.30000) 1.27  2.88 271.3 +51.8 115.0 *
032 2610023 (  2.39574 +26.10000) 1.05  1.29 255.8 +72.2 115.0 *
033 2533261 (326.13174 +25.30000) 1.52  3.70 277.0 +41.3 117.0 *
034 2610459 ( 45.93400 +26.10000) 1.08 -1.62  99.3 +68.1 119.0 *
035 2613390 (339.02077 +26.10000) 1.26  2.84 272.2 +52.5 122.0 *
036 2450576 ( 57.20024 +24.50000) 1.18 -2.38  94.2 +57.8 122.0 *
037 2530527 ( 52.70537 +25.30000) 1.13 -2.07  95.8 +62.1 123.0 *
038 2613515 (351.49255 +26.10000) 1.12  2.01 265.2 +63.0 123.0 *
039 2613265 (326.54899 +26.10000) 1.50  3.68 277.8 +41.9 127.0 *
040 2613573 (357.28301 +26.10000) 1.08  1.61 260.7 +68.1 127.0 *
041 2613328 (332.78488 +26.10000) 1.36  3.26 275.1 +47.2 129.0 *
042 2530589 ( 58.89949 +25.30000) 1.19 -2.48  91.9 +56.8 133.0 *
043 2613453 (345.25666 +26.10000) 1.18  2.43 269.0 +57.8 136.0 *
044 2450699 ( 72.58551 +24.50000) 1.45 -3.48  85.5 +43.8 140.0 *
045 2610522 ( 52.16989 +26.10000) 1.12 -2.03  94.6 +62.8 141.0 *
046 2530651 ( 65.53606 +25.30000) 1.30 -3.00  87.8 +50.2 143.0 *
047 2610584 ( 58.40578 +26.10000) 1.19 -2.45  90.8 +57.5 145.0 *
048 2610646 ( 64.64167 +26.10000) 1.26 -2.86  87.6 +52.2 155.0 *
049 2610709 ( 70.87756 +26.10000) 1.37 -3.28  84.7 +47.0 167.0 *
