#No  Block  (       RA       Dec) Airm HA       Az   Alt   Key Other
001 2133105 (310.45695 +21.30000) 1.13 -1.88 106.0 +62.7   4.0 *
002 2213105 (310.45993 +22.10000) 1.12 -1.88 104.4 +63.1  10.0 *
003 2053156 (315.63872 +20.50000) 1.18 -2.23 102.8 +58.1  10.0 *
004 2293114 (311.39227 +22.90000) 1.13 -1.94 102.0 +62.7  17.0 *
005 2133165 (316.03820 +21.30000) 1.18 -2.27 100.9 +57.9  18.0 *
006 2213165 (316.50400 +22.10000) 1.18 -2.28  99.4 +58.1  24.0 *
007 2373124 (312.39675 +23.70000) 1.13 -2.01  99.6 +62.2  28.0 *
008 2053216 (319.90915 +20.50000) 1.24 -2.57  98.8 +53.8  30.0 *
009 2453126 (312.59574 +24.50000) 1.13 -2.02  97.9 +62.3  37.0 *
010 2293175 (317.47139 +22.90000) 1.18 -2.35  97.3 +57.6  37.0 *
011 2213225 (322.54807 +22.10000) 1.25 -2.69  95.2 +53.0  41.0 *
012 2373185 (318.51254 +23.70000) 1.19 -2.42  95.2 +57.0  45.0 *
013 2293236 (323.55052 +22.90000) 1.26 -2.75  93.4 +52.5  50.0 *
014 2213286 (326.43355 +22.10000) 1.33 -3.02  92.2 +48.7  55.0 *
015 2453187 (318.74985 +24.50000) 1.19 -2.43  93.7 +57.1  55.0 *
016 2373246 (324.62833 +23.70000) 1.27 -2.83  91.6 +51.9  59.0 *
017 2293296 (329.62964 +22.90000) 1.36 -3.16  90.0 +47.3  65.0 *
018 2453249 (324.90396 +24.50000) 1.27 -2.84  90.2 +51.9  66.0 *
019 2213346 (335.49963 +22.10000) 1.51 -3.58  87.8 +41.6  69.0 *
020 2373307 (330.74411 +23.70000) 1.37 -3.23  88.3 +46.7  73.0 *
021 2293357 (335.70876 +22.90000) 1.49 -3.56  86.9 +42.2  74.0 *
022 2213407 (338.52167 +22.10000) 1.61 -3.83  86.0 +38.5  77.0 *
023 2453311 (331.05806 +24.50000) 1.37 -3.25  87.1 +46.7  80.0 *
024 2373369 (336.85990 +23.70000) 1.51 -3.64  85.4 +41.5  87.0 *
025 2453372 (337.21217 +24.50000) 1.51 -3.67  84.2 +41.5  89.0 *
