#No  Block  (       RA       Dec) Airm HA       Az   Alt   Key Other
001 2450515 ( 51.48571 +24.50000) 1.02 -0.61 130.5 +79.0  35.0 *
002 2530403 ( 40.31712 +25.30000) 1.01  0.13 195.3 +83.1  44.0 *
003 2530465 ( 46.51124 +25.30000) 1.01 -0.28 150.0 +82.4  46.0 *
004 2450576 ( 57.20024 +24.50000) 1.04 -1.01 115.5 +74.8  49.0 *
005 2530527 ( 52.70537 +25.30000) 1.02 -0.69 123.6 +78.7  51.0 *
006 2530341 ( 34.12299 +25.30000) 1.01  0.55 229.2 +80.2  51.0 *
007 2610397 ( 39.69811 +26.10000) 1.01  0.17 202.0 +83.7  55.0 *
008 2450207 ( 20.71517 +24.50000) 1.07  1.44 254.0 +69.6  59.0 *
009 2530279 ( 27.92887 +25.30000) 1.03  0.96 245.8 +75.7  60.0 *
010 2610459 ( 45.93400 +26.10000) 1.01 -0.24 150.7 +83.3  60.0 *
011 2290083 (  9.17296 +22.90000) 1.16  2.18 260.8 +59.7  63.0 *
012 2610522 ( 52.16989 +26.10000) 1.02 -0.66 121.7 +79.6  63.0 *
013 2450146 ( 14.56106 +24.50000) 1.11  1.85 260.0 +64.5  64.0 *
014 2530217 ( 21.73474 +25.30000) 1.06  1.37 255.0 +70.8  64.0 *
015 2610272 ( 27.22634 +26.10000) 1.03  1.01 249.9 +75.6  68.0 *
016 2530155 ( 15.54062 +25.30000) 1.10  1.79 261.0 +65.6  68.0 *
017 2370022 (  0.44937 +23.70000) 1.24  2.70 267.3 +53.5  68.0 *
018 2450084 (  8.40695 +24.50000) 1.16  2.26 264.6 +59.3  68.0 *
019 2530589 ( 58.89949 +25.30000) 1.04 -1.11 110.4 +74.0  69.0 *
020 2610335 ( 33.46222 +26.10000) 1.01  0.59 235.1 +80.3  70.0 *
021 2530651 ( 65.53606 +25.30000) 1.08 -1.62 101.1 +67.7  71.0 *
022 2610210 ( 20.99045 +26.10000) 1.06  1.42 258.0 +70.5  72.0 *
023 2450023 (  2.31783 +24.50000) 1.23  2.67 268.3 +54.2  74.0 *
024 2450699 ( 72.58551 +24.50000) 1.14 -2.11  97.0 +61.3  77.0 *
025 2530093 (  9.34649 +25.30000) 1.15  2.20 265.5 +60.4  77.0 *
026 2610584 ( 58.40578 +26.10000) 1.04 -1.07 108.5 +74.8  81.0 *
027 2610646 ( 64.64167 +26.10000) 1.07 -1.49 101.0 +69.7  82.0 *
028 2530032 (  3.15237 +25.30000) 1.22  2.61 269.2 +55.2  83.0 *
029 2610148 ( 14.75456 +26.10000) 1.10  1.84 263.4 +65.3  86.0 *
030 2613453 (345.25666 +26.10000) 1.55  3.80 278.7 +40.3  93.0 *
031 2690651 ( 63.29913 +26.90000) 1.06 -1.46  99.2 +70.3  95.0 *
032 2610023 (  2.39574 +26.10000) 1.22  2.66 270.9 +54.8  95.0 *
033 2613573 (357.28301 +26.10000) 1.29  2.99 273.3 +50.7  96.0 *
034 2610085 (  8.51867 +26.10000) 1.15  2.25 267.5 +60.0  97.0 *
035 2613515 (351.49255 +26.10000) 1.40  3.39 276.0 +45.6  99.0 *
036 2610709 ( 70.87756 +26.10000) 1.11 -1.90  95.9 +64.4 103.0 *
037 2693575 (357.53632 +26.90000) 1.28  2.95 274.2 +51.3 108.0 *
