#No  Block  (       RA       Dec) Airm HA       Az   Alt   Key Other
001 2453311 (331.05806 +24.50000) 1.21  2.52 267.1 +56.0  72.0 *
002 2533385 (338.51999 +25.30000) 1.13  2.02 263.7 +62.6  73.0 *
003 2453187 (318.74985 +24.50000) 1.40  3.34 273.5 +45.6  78.0 *
004 2373124 (312.39675 +23.70000) 1.56  3.76 275.5 +39.9  80.0 *
005 2613390 (339.02077 +26.10000) 1.12  1.99 265.0 +63.4  83.0 *
006 2613453 (345.25666 +26.10000) 1.07  1.57 260.2 +68.6  85.0 *
007 2290083 (  9.17296 +22.90000) 1.01 -0.05 175.5 +80.9  85.0 *
008 2290144 ( 13.51520 +22.90000) 1.02 -0.34 152.2 +79.9  85.0 *
009 2613573 (357.28301 +26.10000) 1.02  0.76 242.3 +78.5  85.0 *
010 2210152 ( 15.16413 +22.10000) 1.02 -0.42 148.8 +78.7  86.0 *
011 2453126 (312.59574 +24.50000) 1.54  3.75 276.4 +40.4  86.0 *
012 2533323 (332.32587 +25.30000) 1.19  2.44 267.7 +57.4  88.0 *
013 2613515 (351.49255 +26.10000) 1.04  1.16 253.3 +73.7  90.0 *
014 2450084 (  8.40695 +24.50000) 1.01  0.03 183.2 +82.5  93.0 *
015 2533261 (326.13174 +25.30000) 1.27  2.85 271.0 +52.2  93.0 *
016 2370022 (  0.44937 +23.70000) 1.02  0.47 218.7 +79.7  93.0 *
017 2533199 (319.93762 +25.30000) 1.37  3.26 274.0 +46.9  94.0 *
018 2613328 (332.78488 +26.10000) 1.18  2.40 268.8 +58.1  95.0 *
019 2290205 ( 22.63388 +22.90000) 1.04 -0.99 120.7 +74.0  97.0 *
020 2450023 (  2.31783 +24.50000) 1.01  0.44 219.3 +80.6  99.0 *
021 2533137 (313.74349 +25.30000) 1.50  3.67 276.8 +41.7  99.0 *
022 2370206 ( 22.33355 +23.70000) 1.04 -0.96 119.4 +74.9  99.0 *
023 2290265 ( 26.54189 +22.90000) 1.05 -1.18 115.7 +71.9 100.0 *
024 2450207 ( 20.71517 +24.50000) 1.03 -0.79 122.6 +77.2 101.0 *
025 2613265 (326.54899 +26.10000) 1.26  2.82 272.1 +52.8 102.0 *
026 2450146 ( 14.56106 +24.50000) 1.01 -0.38 144.6 +81.0 103.0 *
027 2370267 ( 26.70198 +23.70000) 1.05 -1.19 113.2 +72.2 104.0 *
028 2530032 (  3.15237 +25.30000) 1.01  0.38 218.4 +81.7 107.0 *
029 2613203 (320.31311 +26.10000) 1.36  3.24 275.0 +47.5 107.0 *
030 2530093 (  9.34649 +25.30000) 1.01 -0.03 176.2 +83.3 109.0 *
031 2210454 ( 47.97477 +22.10000) 1.25 -2.70  95.1 +52.8 117.0 *
032 2530155 ( 15.54062 +25.30000) 1.01 -0.45 137.0 +81.1 119.0 *
033 2450269 ( 26.86928 +24.50000) 1.05 -1.20 110.7 +72.5 119.0 *
034 2370450 ( 46.35987 +23.70000) 1.21 -2.55  94.0 +55.4 121.0 *
035 2613141 (314.07721 +26.10000) 1.49  3.65 277.7 +42.2 122.0 *
036 2450330 ( 33.02338 +24.50000) 1.09 -1.69 102.1 +66.6 123.0 *
037 2610085 (  8.51867 +26.10000) 1.01  0.02 183.0 +84.1 124.0 *
038 2530217 ( 21.73474 +25.30000) 1.03 -0.86 117.3 +76.9 125.0 *
039 2450392 ( 39.17749 +24.50000) 1.13 -2.02  97.9 +62.4 129.0 *
040 2450453 ( 45.33160 +24.50000) 1.19 -2.43  93.8 +57.2 131.0 *
041 2610148 ( 14.75456 +26.10000) 1.01 -0.39 137.2 +82.2 132.0 *
042 2610023 (  2.39574 +26.10000) 1.01  0.43 225.6 +81.9 132.0 *
043 2450515 ( 51.48571 +24.50000) 1.27 -2.84  90.2 +52.0 133.0 *
044 2530403 ( 40.31712 +25.30000) 1.14 -2.10  95.5 +61.7 134.0 *
045 2450576 ( 57.20024 +24.50000) 1.37 -3.24  87.2 +46.9 135.0 *
046 2530341 ( 34.12299 +25.30000) 1.09 -1.68 100.3 +66.9 138.0 *
047 2530279 ( 27.92887 +25.30000) 1.05 -1.27 106.9 +72.0 138.0 *
048 2530465 ( 46.51124 +25.30000) 1.20 -2.51  91.7 +56.5 141.0 *
049 2610272 ( 27.22634 +26.10000) 1.05 -1.22 105.4 +72.9 144.0 *
050 2610210 ( 20.99045 +26.10000) 1.02 -0.81 115.9 +77.9 147.0 *
051 2530589 ( 58.89949 +25.30000) 1.39 -3.34  85.4 +46.0 151.0 *
052 2530527 ( 52.70537 +25.30000) 1.28 -2.92  88.4 +51.2 153.0 *
053 2610397 ( 39.69811 +26.10000) 1.13 -2.06  94.3 +62.5 154.0 *
054 2610335 ( 33.46222 +26.10000) 1.08 -1.64  99.0 +67.8 155.0 *
055 2530651 ( 65.53606 +25.30000) 1.58 -3.85  82.0 +39.4 157.0 *
056 2610459 ( 45.93400 +26.10000) 1.19 -2.47  90.6 +57.2 167.0 *
057 2610646 ( 64.64167 +26.10000) 1.51 -3.72  81.9 +41.4 171.0 *
058 2610522 ( 52.16989 +26.10000) 1.27 -2.89  87.5 +51.9 179.0 *
059 2610584 ( 58.40578 +26.10000) 1.38 -3.30  84.6 +46.7 182.0 *
