#No  Block  (       RA       Dec) Airm HA       Az   Alt   Key Other
001 2533447 (344.71412 +25.30000) 1.03  0.97 246.1 +75.6  55.0 *
002 2533571 (357.10237 +25.30000) 1.01  0.14 196.2 +83.1  57.0 *
003 2453372 (337.21217 +24.50000) 1.07  1.47 254.5 +69.3  63.0 *
004 2613573 (357.28301 +26.10000) 1.01  0.11 194.8 +84.0  70.0 *
005 2533323 (332.32587 +25.30000) 1.10  1.79 261.1 +65.5  71.0 *
006 2453187 (318.74985 +24.50000) 1.24  2.70 268.6 +53.8  72.0 *
007 2613515 (351.49255 +26.10000) 1.01  0.52 231.1 +81.1  73.0 *
008 2453311 (331.05806 +24.50000) 1.11  1.88 260.4 +64.2  74.0 *
009 2533385 (338.51999 +25.30000) 1.06  1.38 255.1 +70.7  75.0 *
010 2373124 (312.39675 +23.70000) 1.34  3.12 270.8 +48.1  77.0 *
011 2453126 (312.59574 +24.50000) 1.33  3.11 271.8 +48.6  83.0 *
012 2613390 (339.02077 +26.10000) 1.06  1.35 256.8 +71.4  84.0 *
013 2533261 (326.13174 +25.30000) 1.15  2.21 265.6 +60.3  89.0 *
014 2613453 (345.25666 +26.10000) 1.03  0.93 247.9 +76.5  90.0 *
015 2370022 (  0.44937 +23.70000) 1.01 -0.17 163.9 +81.4  91.0 *
016 2533199 (319.93762 +25.30000) 1.22  2.62 269.2 +55.1  92.0 *
017 2290083 (  9.17296 +22.90000) 1.03 -0.69 132.0 +77.1  93.0 *
018 2450023 (  2.31783 +24.50000) 1.01 -0.21 159.2 +82.1  94.0 *
019 2290144 ( 13.51520 +22.90000) 1.04 -0.98 121.1 +74.1  95.0 *
020 2210152 ( 15.16413 +22.10000) 1.05 -1.06 120.9 +72.8  95.0 *
021 2613328 (332.78488 +26.10000) 1.09  1.76 262.5 +66.2  99.0 *
022 2533137 (313.74349 +25.30000) 1.31  3.03 272.4 +49.8 104.0 *
023 2450084 (  8.40695 +24.50000) 1.02 -0.61 130.4 +79.0 104.0 *
024 2613203 (320.31311 +26.10000) 1.21  2.59 270.4 +55.7 105.0 *
025 2290205 ( 22.63388 +22.90000) 1.09 -1.64 106.5 +66.5 106.0 *
026 2370206 ( 22.33355 +23.70000) 1.08 -1.60 105.3 +67.3 110.0 *
027 2290265 ( 26.54189 +22.90000) 1.11 -1.82 103.7 +64.2 111.0 *
028 2613265 (326.54899 +26.10000) 1.14  2.18 266.8 +60.9 112.0 *
029 2530032 (  3.15237 +25.30000) 1.01 -0.26 151.7 +82.5 112.0 *
030 2450146 ( 14.56106 +24.50000) 1.04 -1.02 115.1 +74.6 113.0 *
031 2530093 (  9.34649 +25.30000) 1.02 -0.67 124.4 +78.9 115.0 *
032 2370267 ( 26.70198 +23.70000) 1.11 -1.83 101.9 +64.4 116.0 *
033 2450207 ( 20.71517 +24.50000) 1.07 -1.43 106.1 +69.7 120.0 *
034 2613141 (314.07721 +26.10000) 1.30  3.01 273.4 +50.4 123.0 *
035 2450269 ( 26.86928 +24.50000) 1.11 -1.84 100.1 +64.6 125.0 *
036 2210454 ( 47.97477 +22.10000) 1.42 -3.34  89.6 +44.7 133.0 *
037 2450392 ( 39.17749 +24.50000) 1.23 -2.66  91.7 +54.2 133.0 *
038 2530217 ( 21.73474 +25.30000) 1.07 -1.50 102.9 +69.2 133.0 *
039 2610023 (  2.39574 +26.10000) 1.01 -0.21 154.0 +83.5 134.0 *
040 2530155 ( 15.54062 +25.30000) 1.04 -1.09 110.9 +74.2 136.0 *
041 2450330 ( 33.02338 +24.50000) 1.17 -2.33  94.7 +58.5 137.0 *
042 2370450 ( 46.35987 +23.70000) 1.36 -3.19  88.7 +47.3 137.0 *
043 2610085 (  8.51867 +26.10000) 1.02 -0.62 123.5 +80.0 144.0 *
044 2610148 ( 14.75456 +26.10000) 1.03 -1.03 109.4 +75.2 145.0 *
045 2450515 ( 51.48571 +24.50000) 1.44 -3.48  85.5 +43.8 146.0 *
046 2530279 ( 27.92887 +25.30000) 1.11 -1.91  97.5 +64.0 147.0 *
047 2610210 ( 20.99045 +26.10000) 1.06 -1.45 101.6 +70.1 149.0 *
048 2450453 ( 45.33160 +24.50000) 1.32 -3.07  88.4 +49.0 150.0 *
049 2530403 ( 40.31712 +25.30000) 1.24 -2.74  89.8 +53.5 151.0 *
050 2450576 ( 57.20024 +24.50000) 1.60 -3.88  82.8 +38.8 152.0 *
051 2530341 ( 34.12299 +25.30000) 1.17 -2.33  93.3 +58.8 156.0 *
052 2610335 ( 33.46222 +26.10000) 1.16 -2.28  92.2 +59.6 162.0 *
053 2610272 ( 27.22634 +26.10000) 1.10 -1.87  96.3 +64.9 164.0 *
054 2530527 ( 52.70537 +25.30000) 1.46 -3.56  83.9 +43.1 164.0 *
055 2530465 ( 46.51124 +25.30000) 1.34 -3.15  86.7 +48.3 164.0 *
056 2530589 ( 58.89949 +25.30000) 1.63 -3.98  81.2 +37.9 170.0 *
057 2610459 ( 45.93400 +26.10000) 1.32 -3.11  85.9 +49.1 171.0 *
058 2610397 ( 39.69811 +26.10000) 1.23 -2.70  88.9 +54.3 176.0 *
059 2610522 ( 52.16989 +26.10000) 1.44 -3.53  83.1 +43.8 177.0 *
060 2610584 ( 58.40578 +26.10000) 1.60 -3.94  80.5 +38.6 181.0 *
