#No  Block  (       RA       Dec) Airm HA       Az   Alt   Key Other
001 2373369 (336.85990 +23.70000) 1.01 -0.10 170.8 +81.6  30.0 *
002 2373430 (342.97569 +23.70000) 1.02 -0.50 139.1 +79.4  36.0 *
003 2453372 (337.21217 +24.50000) 1.01 -0.12 167.5 +82.4  42.0 *
004 2453434 (343.36629 +24.50000) 1.02 -0.53 134.8 +79.8  44.0 *
005 2453311 (331.05806 +24.50000) 1.01  0.29 208.2 +81.6  47.0 *
006 2453495 (349.52039 +24.50000) 1.03 -0.94 117.4 +75.5  55.0 *
007 2533385 (338.51999 +25.30000) 1.01 -0.21 156.9 +82.8  58.0 *
008 2453187 (318.74985 +24.50000) 1.04  1.11 247.2 +73.6  60.0 *
009 2533323 (332.32587 +25.30000) 1.01  0.20 202.8 +82.8  61.0 *
010 2613390 (339.02077 +26.10000) 1.01 -0.24 150.7 +83.3  61.0 *
011 2373552 (355.20728 +23.70000) 1.06 -1.32 110.3 +70.7  62.0 *
012 2373124 (312.39675 +23.70000) 1.08  1.53 253.6 +68.1  63.0 *
013 2533447 (344.71412 +25.30000) 1.02 -0.62 126.8 +79.5  67.0 *
014 2613328 (332.78488 +26.10000) 1.01  0.17 202.0 +83.7  68.0 *
015 2533199 (319.93762 +25.30000) 1.04  1.03 247.7 +74.9  69.0 *
016 2533261 (326.13174 +25.30000) 1.02  0.62 233.0 +79.5  70.0 *
017 2453126 (312.59574 +24.50000) 1.07  1.52 255.4 +68.6  73.0 *
018 2453557 (355.67450 +24.50000) 1.06 -1.35 107.6 +70.7  74.0 *
019 2373591 (359.13886 +23.70000) 1.09 -1.66 104.4 +66.6  78.0 *
020 2613453 (345.25666 +26.10000) 1.02 -0.66 121.7 +79.6  78.0 *
021 2533509 (350.90824 +25.30000) 1.04 -1.03 112.2 +74.9  81.0 *
022 2533137 (313.74349 +25.30000) 1.06  1.44 256.2 +69.9  81.0 *
023 2613203 (320.31311 +26.10000) 1.03  1.01 249.9 +75.6  84.0 *
024 2613265 (326.54899 +26.10000) 1.01  0.59 235.1 +80.3  89.0 *
025 2453592 (359.19113 +24.50000) 1.09 -1.68 102.3 +66.7  98.0 *
026 2613141 (314.07721 +26.10000) 1.06  1.42 258.0 +70.5 100.0 *
027 2533571 (357.10237 +25.30000) 1.07 -1.45 103.8 +69.9 101.0 *
028 2613515 (351.49255 +26.10000) 1.04 -1.07 108.5 +74.8 103.0 *
029 2370022 (  0.44937 +23.70000) 1.10 -1.76 102.9 +65.3 118.0 *
030 2290144 ( 13.51520 +22.90000) 1.22 -2.57  95.1 +54.8 120.0 *
031 2290083 (  9.17296 +22.90000) 1.17 -2.28  98.0 +58.4 121.0 *
032 2613573 (357.28301 +26.10000) 1.07 -1.47 101.2 +69.8 123.0 *
033 2210152 ( 15.16413 +22.10000) 1.24 -2.65  95.6 +53.5 123.0 *
034 2290205 ( 22.63388 +22.90000) 1.38 -3.23  89.5 +46.5 132.0 *
035 2290265 ( 26.54189 +22.90000) 1.44 -3.41  88.1 +44.1 133.0 *
036 2370206 ( 22.33355 +23.70000) 1.36 -3.19  88.7 +47.2 133.0 *
037 2450023 (  2.31783 +24.50000) 1.10 -1.79 100.7 +65.2 139.0 *
038 2450084 (  8.40695 +24.50000) 1.15 -2.20  96.0 +60.1 139.0 *
039 2370267 ( 26.70198 +23.70000) 1.43 -3.42  87.0 +44.3 140.0 *
040 2530032 (  3.15237 +25.30000) 1.10 -1.85  98.2 +64.8 143.0 *
041 2450146 ( 14.56106 +24.50000) 1.22 -2.61  92.2 +54.9 145.0 *
042 2530093 (  9.34649 +25.30000) 1.16 -2.26  93.9 +59.6 147.0 *
043 2450207 ( 20.71517 +24.50000) 1.31 -3.02  88.8 +49.7 147.0 *
044 2450269 ( 26.86928 +24.50000) 1.43 -3.43  85.8 +44.5 151.0 *
045 2450330 ( 33.02338 +24.50000) 1.61 -3.92  82.5 +38.3 155.0 *
046 2530155 ( 15.54062 +25.30000) 1.23 -2.68  90.3 +54.4 159.0 *
047 2610023 (  2.39574 +26.10000) 1.10 -1.80  97.0 +65.8 163.0 *
048 2530217 ( 21.73474 +25.30000) 1.32 -3.09  87.2 +49.1 164.0 *
049 2610085 (  8.51867 +26.10000) 1.15 -2.21  92.9 +60.6 164.0 *
050 2530341 ( 34.12299 +25.30000) 1.60 -3.91  81.6 +38.6 165.0 *
051 2610210 ( 20.99045 +26.10000) 1.31 -3.04  86.4 +50.0 170.0 *
052 2610148 ( 14.75456 +26.10000) 1.22 -2.62  89.4 +55.3 172.0 *
053 2530279 ( 27.92887 +25.30000) 1.44 -3.50  84.3 +43.9 175.0 *
054 2610272 ( 27.22634 +26.10000) 1.42 -3.46  83.6 +44.7 179.0 *
055 2610335 ( 33.46222 +26.10000) 1.57 -3.87  80.9 +39.5 187.0 *
