#No  Block  (       RA       Dec) Airm HA       Az   Alt   Key Other
001 2533571 (357.10237 +25.30000) 1.01  0.36 216.5 +81.9  59.0 *
002 2453372 (337.21217 +24.50000) 1.09  1.68 257.8 +66.6  70.0 *
003 2613573 (357.28301 +26.10000) 1.01  0.33 217.6 +82.7  72.0 *
004 2453311 (331.05806 +24.50000) 1.14  2.09 262.9 +61.5  73.0 *
005 2533323 (332.32587 +25.30000) 1.12  2.01 263.5 +62.8  73.0 *
006 2613515 (351.49255 +26.10000) 1.02  0.73 241.3 +78.8  73.0 *
007 2453187 (318.74985 +24.50000) 1.29  2.91 270.3 +51.1  76.0 *
008 2533385 (338.51999 +25.30000) 1.08  1.59 258.5 +68.0  77.0 *
009 2373124 (312.39675 +23.70000) 1.41  3.34 272.4 +45.4  80.0 *
010 2453126 (312.59574 +24.50000) 1.39  3.32 273.4 +45.8  84.0 *
011 2613390 (339.02077 +26.10000) 1.07  1.56 260.0 +68.7  86.0 *
012 2370022 (  0.44937 +23.70000) 1.01  0.04 183.9 +81.7  88.0 *
013 2613453 (345.25666 +26.10000) 1.04  1.15 253.1 +73.9  90.0 *
014 2290083 (  9.17296 +22.90000) 1.02 -0.48 143.1 +78.9  90.0 *
015 2533261 (326.13174 +25.30000) 1.18  2.42 267.5 +57.6  90.0 *
016 2290144 ( 13.51520 +22.90000) 1.03 -0.77 128.7 +76.3  91.0 *
017 2210152 ( 15.16413 +22.10000) 1.04 -0.85 128.0 +75.0  91.0 *
018 2533199 (319.93762 +25.30000) 1.26  2.83 270.9 +52.3  92.0 *
019 2450023 (  2.31783 +24.50000) 1.01  0.01 180.9 +82.5  96.0 *
020 2450084 (  8.40695 +24.50000) 1.01 -0.40 143.4 +80.9 100.0 *
021 2290205 ( 22.63388 +22.90000) 1.07 -1.42 110.3 +69.1 100.0 *
022 2613328 (332.78488 +26.10000) 1.12  1.98 264.9 +63.5 101.0 *
023 2370206 ( 22.33355 +23.70000) 1.07 -1.39 109.0 +69.9 104.0 *
024 2290265 ( 26.54189 +22.90000) 1.09 -1.61 107.0 +66.8 105.0 *
025 2613203 (320.31311 +26.10000) 1.25  2.81 272.0 +52.9 105.0 *
026 2533137 (313.74349 +25.30000) 1.37  3.25 273.9 +47.1 106.0 *
027 2450146 ( 14.56106 +24.50000) 1.03 -0.81 121.9 +77.0 107.0 *
028 2530032 (  3.15237 +25.30000) 1.01 -0.05 174.5 +83.3 108.0 *
029 2370267 ( 26.70198 +23.70000) 1.09 -1.62 105.0 +67.1 110.0 *
030 2530093 (  9.34649 +25.30000) 1.01 -0.46 136.0 +81.0 112.0 *
031 2613265 (326.54899 +26.10000) 1.18  2.39 268.7 +58.2 112.0 *
032 2450207 ( 20.71517 +24.50000) 1.05 -1.22 110.3 +72.3 116.0 *
033 2450269 ( 26.86928 +24.50000) 1.08 -1.63 103.0 +67.3 122.0 *
034 2530217 ( 21.73474 +25.30000) 1.05 -1.29 106.6 +71.8 123.0 *
035 2450330 ( 33.02338 +24.50000) 1.14 -2.12  96.9 +61.2 124.0 *
036 2613141 (314.07721 +26.10000) 1.35  3.22 274.9 +47.7 125.0 *
037 2210454 ( 47.97477 +22.10000) 1.36 -3.13  91.3 +47.4 127.0 *
038 2450392 ( 39.17749 +24.50000) 1.19 -2.45  93.6 +57.0 127.0 *
039 2610023 (  2.39574 +26.10000) 1.01  0.00 180.4 +84.1 130.0 *
040 2530155 ( 15.54062 +25.30000) 1.03 -0.87 116.8 +76.7 131.0 *
041 2370450 ( 46.35987 +23.70000) 1.31 -2.97  90.4 +50.0 132.0 *
042 2610085 (  8.51867 +26.10000) 1.01 -0.41 136.3 +82.1 137.0 *
043 2530279 ( 27.92887 +25.30000) 1.09 -1.70 100.1 +66.7 139.0 *
044 2610148 ( 14.75456 +26.10000) 1.02 -0.82 115.5 +77.8 140.0 *
045 2450453 ( 45.33160 +24.50000) 1.27 -2.86  90.1 +51.7 140.0 *
046 2610210 ( 20.99045 +26.10000) 1.05 -1.24 105.2 +72.8 143.0 *
047 2530403 ( 40.31712 +25.30000) 1.20 -2.52  91.6 +56.3 146.0 *
048 2450576 ( 57.20024 +24.50000) 1.51 -3.67  84.2 +41.5 147.0 *
049 2530341 ( 34.12299 +25.30000) 1.14 -2.11  95.4 +61.5 149.0 *
050 2450515 ( 51.48571 +24.50000) 1.38 -3.27  87.0 +46.5 151.0 *
051 2610335 ( 33.46222 +26.10000) 1.13 -2.07  94.2 +62.4 155.0 *
052 2530465 ( 46.51124 +25.30000) 1.29 -2.94  88.3 +51.0 157.0 *
053 2610272 ( 27.22634 +26.10000) 1.08 -1.65  98.8 +67.6 157.0 *
054 2530527 ( 52.70537 +25.30000) 1.40 -3.35  85.3 +45.8 157.0 *
055 2610459 ( 45.93400 +26.10000) 1.27 -2.90  87.4 +51.8 164.0 *
056 2530589 ( 58.89949 +25.30000) 1.54 -3.76  82.6 +40.5 166.0 *
057 2610397 ( 39.69811 +26.10000) 1.19 -2.48  90.5 +57.1 170.0 *
058 2610522 ( 52.16989 +26.10000) 1.38 -3.32  84.5 +46.5 171.0 *
059 2610584 ( 58.40578 +26.10000) 1.52 -3.73  81.8 +41.2 177.0 *
