#No  Block  (       RA       Dec) Airm HA       Az   Alt   Key Other
001 2213286 (326.43355 +22.10000) 1.10 -1.68 107.5 +65.6  33.0 *
002 2213105 (310.45993 +22.10000) 1.02 -0.54 142.0 +77.8  36.0 *
003 2293114 (311.39227 +22.90000) 1.02 -0.60 136.5 +77.9  37.0 *
004 2293296 (329.62964 +22.90000) 1.11 -1.82 103.8 +64.3  37.0 *
005 2293175 (317.47139 +22.90000) 1.04 -1.00 120.4 +73.9  37.0 *
006 2373246 (324.62833 +23.70000) 1.07 -1.48 107.3 +68.7  39.0 *
007 2373124 (312.39675 +23.70000) 1.02 -0.67 130.6 +77.9  43.0 *
008 2453249 (324.90396 +24.50000) 1.07 -1.50 105.0 +68.9  44.0 *
009 2373185 (318.51254 +23.70000) 1.04 -1.07 116.1 +73.6  46.0 *
010 2373307 (330.74411 +23.70000) 1.12 -1.89 101.1 +63.7  51.0 *
011 2213346 (335.49963 +22.10000) 1.17 -2.24  99.9 +58.7  53.0 *
012 2453187 (318.74985 +24.50000) 1.04 -1.09 113.3 +73.8  54.0 *
013 2533261 (326.13174 +25.30000) 1.08 -1.58 101.7 +68.2  57.0 *
014 2293357 (335.70876 +22.90000) 1.16 -2.22  98.7 +59.2  57.0 *
015 2453126 (312.59574 +24.50000) 1.02 -0.68 127.2 +78.3  60.0 *
016 2453311 (331.05806 +24.50000) 1.11 -1.91  99.2 +63.8  62.0 *
017 2213407 (338.52167 +22.10000) 1.21 -2.48  97.2 +55.6  65.0 *
018 2533137 (313.74349 +25.30000) 1.02 -0.76 120.9 +78.0  66.0 *
019 2533199 (319.93762 +25.30000) 1.04 -1.17 109.0 +73.3  70.0 *
020 2613265 (326.54899 +26.10000) 1.08 -1.61  99.3 +68.1  71.0 *
021 2373369 (336.85990 +23.70000) 1.17 -2.30  96.5 +58.6  74.0 *
022 2613203 (320.31311 +26.10000) 1.04 -1.19 106.0 +73.3  79.0 *
023 2533323 (332.32587 +25.30000) 1.12 -2.00  96.6 +63.0  80.0 *
024 2613141 (314.07721 +26.10000) 1.02 -0.78 116.9 +78.2  80.0 *
025 2453372 (337.21217 +24.50000) 1.17 -2.32  94.8 +58.6  87.0 *
026 2373430 (342.97569 +23.70000) 1.25 -2.70  92.6 +53.4  90.0 *
027 2613328 (332.78488 +26.10000) 1.12 -2.03  94.6 +62.9  91.0 *
028 2533385 (338.51999 +25.30000) 1.18 -2.41  92.6 +57.8  98.0 *
029 2453434 (343.36629 +24.50000) 1.25 -2.73  91.1 +53.4  99.0 *
030 2533447 (344.71412 +25.30000) 1.26 -2.82  89.2 +52.5 111.0 *
031 2613390 (339.02077 +26.10000) 1.18 -2.44  90.9 +57.6 113.0 *
032 2453495 (349.52039 +24.50000) 1.34 -3.14  87.9 +48.1 113.0 *
033 2373552 (355.20728 +23.70000) 1.47 -3.52  86.2 +43.0 116.0 *
034 2533509 (350.90824 +25.30000) 1.36 -3.23  86.2 +47.3 124.0 *
035 2373591 (359.13886 +23.70000) 1.60 -3.86  83.9 +38.7 124.0 *
036 2453557 (355.67450 +24.50000) 1.47 -3.55  85.0 +42.9 130.0 *
037 2613453 (345.25666 +26.10000) 1.26 -2.86  87.7 +52.3 130.0 *
038 2370022 (  0.44937 +23.70000) 1.64 -3.96  83.2 +37.4 134.0 *
039 2613515 (351.49255 +26.10000) 1.37 -3.27  84.8 +47.0 138.0 *
040 2453592 (359.19113 +24.50000) 1.60 -3.88  82.8 +38.8 142.0 *
041 2533571 (357.10237 +25.30000) 1.49 -3.65  83.3 +42.0 145.0 *
042 2450023 (  2.31783 +24.50000) 1.65 -3.99  82.0 +37.3 147.0 *
043 2613573 (357.28301 +26.10000) 1.50 -3.67  82.2 +42.0 152.0 *
044 2610023 (  2.39574 +26.10000) 1.63 -4.00  80.1 +37.9 169.0 *
