#No  Block  (       RA       Dec) Airm HA       Az   Alt   Key Other
001 2533323 (332.32587 +25.30000) 1.23  2.65 269.5 +54.7  73.0 *
002 2290144 ( 13.51520 +22.90000) 1.01 -0.13 169.0 +80.8  79.0 *
003 2613573 (357.28301 +26.10000) 1.03  0.97 249.0 +76.0  80.0 *
004 2373124 (312.39675 +23.70000) 1.65  3.98 276.9 +37.2  80.0 *
005 2533385 (338.51999 +25.30000) 1.16  2.24 265.9 +59.9  81.0 *
006 2210152 ( 15.16413 +22.10000) 1.02 -0.21 163.6 +79.8  82.0 *
007 2290083 (  9.17296 +22.90000) 1.01  0.16 194.0 +80.7  84.0 *
008 2453187 (318.74985 +24.50000) 1.47  3.55 275.0 +42.9  86.0 *
009 2613390 (339.02077 +26.10000) 1.15  2.20 267.1 +60.6  91.0 *
010 2453126 (312.59574 +24.50000) 1.63  3.96 277.8 +37.7  91.0 *
011 2533261 (326.13174 +25.30000) 1.32  3.06 272.6 +49.4  93.0 *
012 2450146 ( 14.56106 +24.50000) 1.01 -0.17 163.0 +82.2  93.0 *
013 2613515 (351.49255 +26.10000) 1.06  1.37 257.2 +71.1  94.0 *
014 2370022 (  0.44937 +23.70000) 1.02  0.68 230.1 +77.8  94.0 *
015 2290205 ( 22.63388 +22.90000) 1.03 -0.78 128.2 +76.2  95.0 *
016 2450084 (  8.40695 +24.50000) 1.01  0.24 204.3 +81.9  95.0 *
017 2533199 (319.93762 +25.30000) 1.43  3.48 275.5 +44.2  96.0 *
018 2290265 ( 26.54189 +22.90000) 1.04 -0.96 121.7 +74.3  98.0 *
019 2370206 ( 22.33355 +23.70000) 1.03 -0.75 127.1 +77.1  98.0 *
020 2613328 (332.78488 +26.10000) 1.22  2.62 270.5 +55.3 100.0 *
021 2370267 ( 26.70198 +23.70000) 1.04 -0.98 118.9 +74.7 102.0 *
022 2613453 (345.25666 +26.10000) 1.10  1.79 262.8 +65.9 103.0 *
023 2450023 (  2.31783 +24.50000) 1.02  0.65 231.4 +78.6 105.0 *
024 2450207 ( 20.71517 +24.50000) 1.02 -0.58 132.3 +79.3 106.0 *
025 2530093 (  9.34649 +25.30000) 1.01  0.18 200.4 +82.9 106.0 *
026 2533137 (313.74349 +25.30000) 1.59  3.89 278.2 +39.0 108.0 *
027 2613203 (320.31311 +26.10000) 1.42  3.45 276.4 +44.8 109.0 *
028 2450269 ( 26.86928 +24.50000) 1.04 -0.99 116.1 +75.0 109.0 *
029 2530032 (  3.15237 +25.30000) 1.02  0.59 231.8 +79.7 110.0 *
030 2210454 ( 47.97477 +22.10000) 1.21 -2.49  97.2 +55.5 113.0 *
031 2613265 (326.54899 +26.10000) 1.30  3.03 273.6 +50.1 115.0 *
032 2530155 ( 15.54062 +25.30000) 1.01 -0.23 154.5 +82.7 115.0 *
033 2450392 ( 39.17749 +24.50000) 1.10 -1.81 100.5 +65.1 116.0 *
034 2530217 ( 21.73474 +25.30000) 1.02 -0.64 125.7 +79.2 116.0 *
035 2450330 ( 33.02338 +24.50000) 1.07 -1.47 105.4 +69.2 118.0 *
036 2370450 ( 46.35987 +23.70000) 1.18 -2.33  96.1 +58.1 118.0 *
037 2450453 ( 45.33160 +24.50000) 1.16 -2.22  95.8 +59.9 120.0 *
038 2450515 ( 51.48571 +24.50000) 1.23 -2.63  92.0 +54.7 125.0 *
039 2613141 (314.07721 +26.10000) 1.57  3.87 279.1 +39.5 128.0 *
040 2610148 ( 14.75456 +26.10000) 1.01 -0.18 157.5 +83.7 128.0 *
041 2530279 ( 27.92887 +25.30000) 1.04 -1.06 111.6 +74.6 129.0 *
042 2610210 ( 20.99045 +26.10000) 1.01 -0.59 124.7 +80.3 130.0 *
043 2530403 ( 40.31712 +25.30000) 1.11 -1.88  97.8 +64.4 130.0 *
044 2610085 (  8.51867 +26.10000) 1.01  0.24 208.8 +83.4 131.0 *
045 2530341 ( 34.12299 +25.30000) 1.07 -1.47 103.4 +69.6 136.0 *
046 2450576 ( 57.20024 +24.50000) 1.31 -3.02  88.8 +49.6 140.0 *
047 2610023 (  2.39574 +26.10000) 1.02  0.64 237.7 +79.7 141.0 *
048 2530465 ( 46.51124 +25.30000) 1.16 -2.30  93.6 +59.2 143.0 *
049 2610335 ( 33.46222 +26.10000) 1.06 -1.43 101.9 +70.4 145.0 *
050 2530527 ( 52.70537 +25.30000) 1.24 -2.71  90.1 +53.9 145.0 *
051 2610272 ( 27.22634 +26.10000) 1.03 -1.01 110.0 +75.5 147.0 *
052 2530589 ( 58.89949 +25.30000) 1.33 -3.12  86.9 +48.7 149.0 *
053 2610459 ( 45.93400 +26.10000) 1.16 -2.26  92.5 +59.9 150.0 *
054 2530651 ( 65.53606 +25.30000) 1.49 -3.64  83.4 +42.1 150.0 *
055 2610397 ( 39.69811 +26.10000) 1.10 -1.84  96.6 +65.2 157.0 *
056 2610584 ( 58.40578 +26.10000) 1.32 -3.09  86.0 +49.4 163.0 *
057 2610522 ( 52.16989 +26.10000) 1.23 -2.67  89.0 +54.7 165.0 *
058 2610646 ( 64.64167 +26.10000) 1.44 -3.50  83.3 +44.1 165.0 *
059 2610709 ( 70.87756 +26.10000) 1.59 -3.92  80.6 +38.9 175.0 *
