#No  Block  (       RA       Dec) Airm HA       Az   Alt   Key Other
001 2290205 ( 22.63388 +22.90000) 1.01 -0.20 162.9 +80.6  34.0 *
002 2370206 ( 22.33355 +23.70000) 1.01 -0.16 164.6 +81.5  35.0 *
003 2450207 ( 20.71517 +24.50000) 1.01  0.00 180.4 +82.5  38.0 *
004 2290265 ( 26.54189 +22.90000) 1.02 -0.38 149.2 +79.6  43.0 *
005 2450146 ( 14.56106 +24.50000) 1.01  0.41 217.8 +80.8  44.0 *
006 2530217 ( 21.73474 +25.30000) 1.01 -0.06 172.6 +83.3  45.0 *
007 2290083 (  9.17296 +22.90000) 1.03  0.74 230.2 +76.6  47.0 *
008 2370267 ( 26.70198 +23.70000) 1.01 -0.40 146.2 +80.2  51.0 *
009 2530155 ( 15.54062 +25.30000) 1.01  0.35 215.9 +81.9  56.0 *
010 2450269 ( 26.86928 +24.50000) 1.01 -0.41 142.8 +80.8  57.0 *
011 2450084 (  8.40695 +24.50000) 1.03  0.82 238.7 +76.8  62.0 *
012 2610210 ( 20.99045 +26.10000) 1.01 -0.01 178.1 +84.1  66.0 *
013 2530093 (  9.34649 +25.30000) 1.02  0.76 239.3 +78.0  68.0 *
014 2370022 (  0.44937 +23.70000) 1.06  1.26 248.5 +71.4  68.0 *
015 2450330 ( 33.02338 +24.50000) 1.03 -0.89 119.0 +76.1  72.0 *
016 2530279 ( 27.92887 +25.30000) 1.01 -0.48 134.9 +80.9  72.0 *
017 2450023 (  2.31783 +24.50000) 1.05  1.23 250.0 +72.1  73.0 *
018 2610148 ( 14.75456 +26.10000) 1.01  0.40 223.4 +82.1  75.0 *
019 2530032 (  3.15237 +25.30000) 1.04  1.17 251.1 +73.2  81.0 *
020 2450392 ( 39.17749 +24.50000) 1.05 -1.23 110.1 +72.2  84.0 *
021 2610272 ( 27.22634 +26.10000) 1.01 -0.43 134.5 +81.9  86.0 *
022 2610085 (  8.51867 +26.10000) 1.02  0.82 244.4 +77.8  91.0 *
023 2530341 ( 34.12299 +25.30000) 1.03 -0.89 116.3 +76.5  94.0 *
024 2210454 ( 47.97477 +22.10000) 1.12 -1.90 104.1 +62.8  95.0 *
025 2370450 ( 46.35987 +23.70000) 1.10 -1.75 103.0 +65.4  99.0 *
026 2610335 ( 33.46222 +26.10000) 1.02 -0.85 114.6 +77.5  99.0 *
027 2530403 ( 40.31712 +25.30000) 1.05 -1.30 106.3 +71.6 102.0 *
028 2450453 ( 45.33160 +24.50000) 1.08 -1.64 102.8 +67.2 104.0 *
029 2610023 (  2.39574 +26.10000) 1.05  1.23 254.6 +72.9 109.0 *
030 2533385 (338.51999 +25.30000) 1.26  2.82 270.8 +52.6 117.0 *
031 2610397 ( 39.69811 +26.10000) 1.05 -1.26 104.7 +72.5 120.0 *
032 2533261 (326.13174 +25.30000) 1.49  3.64 276.6 +42.1 121.0 *
033 2530465 ( 46.51124 +25.30000) 1.09 -1.72  99.9 +66.5 121.0 *
034 2450515 ( 51.48571 +24.50000) 1.13 -2.05  97.6 +62.0 123.0 *
035 2613390 (339.02077 +26.10000) 1.25  2.78 271.8 +53.2 125.0 *
036 2613515 (351.49255 +26.10000) 1.11  1.95 264.6 +63.8 126.0 *
037 2450576 ( 57.20024 +24.50000) 1.19 -2.44  93.6 +57.0 127.0 *
038 2610459 ( 45.93400 +26.10000) 1.08 -1.68  98.5 +67.3 128.0 *
039 2613265 (326.54899 +26.10000) 1.47  3.62 277.5 +42.7 130.0 *
040 2613573 (357.28301 +26.10000) 1.07  1.55 259.9 +68.9 130.0 *
041 2613328 (332.78488 +26.10000) 1.35  3.20 274.7 +48.0 132.0 *
042 2530527 ( 52.70537 +25.30000) 1.14 -2.13  95.2 +61.3 135.0 *
043 2613453 (345.25666 +26.10000) 1.17  2.37 268.5 +58.5 138.0 *
044 2530589 ( 58.89949 +25.30000) 1.21 -2.54  91.4 +56.1 142.0 *
045 2450699 ( 72.58551 +24.50000) 1.47 -3.55  85.0 +43.0 145.0 *
046 2530651 ( 65.53606 +25.30000) 1.32 -3.06  87.4 +49.5 148.0 *
047 2610584 ( 58.40578 +26.10000) 1.20 -2.51  90.3 +56.7 153.0 *
048 2610522 ( 52.16989 +26.10000) 1.13 -2.09  94.0 +62.0 158.0 *
049 2610646 ( 64.64167 +26.10000) 1.28 -2.92  87.2 +51.5 160.0 *
050 2610709 ( 70.87756 +26.10000) 1.39 -3.34  84.3 +46.2 171.0 *
