#No  Block  (       RA       Dec) Airm HA       Az   Alt   Key Other
001 2373185 (318.51254 +23.70000) 1.01  0.06 185.4 +81.7  18.0 *
002 2453187 (318.74985 +24.50000) 1.01  0.04 184.3 +82.5  29.0 *
003 2373246 (324.62833 +23.70000) 1.01 -0.35 149.3 +80.5  32.0 *
004 2373124 (312.39675 +23.70000) 1.02  0.46 218.4 +79.7  36.0 *
005 2453249 (324.90396 +24.50000) 1.01 -0.37 145.4 +81.1  37.0 *
006 2533199 (319.93762 +25.30000) 1.01 -0.04 175.5 +83.3  40.0 *
007 2213346 (335.49963 +22.10000) 1.05 -1.11 119.7 +72.3  44.0 *
008 2293357 (335.70876 +22.90000) 1.05 -1.09 118.0 +72.9  45.0 *
009 2613203 (320.31311 +26.10000) 1.01 -0.06 171.7 +84.1  50.0 *
010 2453126 (312.59574 +24.50000) 1.01  0.45 220.3 +80.5  51.0 *
011 2533137 (313.74349 +25.30000) 1.01  0.37 217.9 +81.7  51.0 *
012 2453311 (331.05806 +24.50000) 1.03 -0.78 123.0 +77.3  53.0 *
013 2213407 (338.52167 +22.10000) 1.07 -1.35 113.6 +69.5  54.0 *
014 2533261 (326.13174 +25.30000) 1.01 -0.45 136.6 +81.1  54.0 *
015 2373369 (336.85990 +23.70000) 1.05 -1.17 113.8 +72.5  60.0 *
016 2613141 (314.07721 +26.10000) 1.01  0.35 219.6 +82.5  65.0 *
017 2613265 (326.54899 +26.10000) 1.01 -0.48 131.2 +81.4  66.0 *
018 2533323 (332.32587 +25.30000) 1.03 -0.86 117.1 +76.8  67.0 *
019 2453372 (337.21217 +24.50000) 1.05 -1.19 110.9 +72.6  77.0 *
020 2373430 (342.97569 +23.70000) 1.08 -1.57 105.7 +67.6  77.0 *
021 2453434 (343.36629 +24.50000) 1.08 -1.60 103.4 +67.6  85.0 *
022 2613328 (332.78488 +26.10000) 1.03 -0.90 113.1 +76.9  89.0 *
023 2533385 (338.51999 +25.30000) 1.05 -1.28 106.8 +71.9  92.0 *
024 2453495 (349.52039 +24.50000) 1.13 -2.01  98.0 +62.5  92.0 *
025 2373552 (355.20728 +23.70000) 1.19 -2.39  95.5 +57.4  94.0 *
026 2613390 (339.02077 +26.10000) 1.05 -1.31 103.8 +71.9 103.0 *
027 2373591 (359.13886 +23.70000) 1.25 -2.73  92.4 +53.1 104.0 *
028 2453557 (355.67450 +24.50000) 1.19 -2.42  93.8 +57.3 105.0 *
029 2533447 (344.71412 +25.30000) 1.09 -1.69 100.2 +66.8 108.0 *
030 2533509 (350.90824 +25.30000) 1.14 -2.10  95.5 +61.6 109.0 *
031 2613453 (345.25666 +26.10000) 1.09 -1.73  97.9 +66.7 122.0 *
032 2453592 (359.19113 +24.50000) 1.25 -2.75  91.0 +53.2 123.0 *
033 2613515 (351.49255 +26.10000) 1.14 -2.14  93.5 +61.4 123.0 *
034 2370022 (  0.44937 +23.70000) 1.27 -2.83  91.5 +51.8 124.0 *
035 2533571 (357.10237 +25.30000) 1.20 -2.52  91.6 +56.4 127.0 *
036 2290144 ( 13.51520 +22.90000) 1.52 -3.64  86.4 +41.2 127.0 *
037 2210152 ( 15.16413 +22.10000) 1.56 -3.72  86.7 +39.9 128.0 *
038 2290083 (  9.17296 +22.90000) 1.42 -3.35  88.5 +44.9 128.0 *
039 2450023 (  2.31783 +24.50000) 1.27 -2.86  90.1 +51.7 136.0 *
040 2613573 (357.28301 +26.10000) 1.20 -2.54  90.1 +56.3 143.0 *
041 2450084 (  8.40695 +24.50000) 1.38 -3.27  87.0 +46.5 143.0 *
042 2450146 ( 14.56106 +24.50000) 1.51 -3.68  84.1 +41.3 147.0 *
043 2530032 (  3.15237 +25.30000) 1.28 -2.92  88.4 +51.3 149.0 *
044 2530093 (  9.34649 +25.30000) 1.39 -3.33  85.5 +46.0 149.0 *
045 2610023 (  2.39574 +26.10000) 1.27 -2.87  87.6 +52.2 159.0 *
046 2610085 (  8.51867 +26.10000) 1.37 -3.28  84.8 +47.0 159.0 *
047 2530155 ( 15.54062 +25.30000) 1.53 -3.75  82.7 +40.8 165.0 *
048 2610148 ( 14.75456 +26.10000) 1.50 -3.69  82.0 +41.7 173.0 *
