#No  Block  (       RA       Dec) Airm HA       Az   Alt   Key Other
001 2213346 (335.49963 +22.10000) 1.02 -0.46 146.1 +78.4  27.0 *
002 2293357 (335.70876 +22.90000) 1.02 -0.45 145.0 +79.2  33.0 *
003 2453311 (331.05806 +24.50000) 1.01 -0.14 165.7 +82.3  34.0 *
004 2213407 (338.52167 +22.10000) 1.03 -0.71 133.5 +76.3  38.0 *
005 2533261 (326.13174 +25.30000) 1.01  0.19 201.3 +82.9  43.0 *
006 2373369 (336.85990 +23.70000) 1.02 -0.53 137.9 +79.2  46.0 *
007 2533323 (332.32587 +25.30000) 1.01 -0.22 155.4 +82.7  48.0 *
008 2453187 (318.74985 +24.50000) 1.02  0.68 232.9 +78.3  49.0 *
009 2453372 (337.21217 +24.50000) 1.02 -0.55 133.8 +79.6  55.0 *
010 2373430 (342.97569 +23.70000) 1.03 -0.93 120.3 +75.1  59.0 *
011 2373124 (312.39675 +23.70000) 1.04  1.11 244.7 +73.2  60.0 *
012 2533199 (319.93762 +25.30000) 1.02  0.60 232.3 +79.6  64.0 *
013 2613265 (326.54899 +26.10000) 1.01  0.16 200.6 +83.8  65.0 *
014 2613328 (332.78488 +26.10000) 1.01 -0.25 149.5 +83.3  66.0 *
015 2453434 (343.36629 +24.50000) 1.03 -0.96 116.9 +75.3  67.0 *
016 2613203 (320.31311 +26.10000) 1.01  0.58 234.5 +80.4  69.0 *
017 2453126 (312.59574 +24.50000) 1.04  1.09 246.8 +73.8  71.0 *
018 2533385 (338.51999 +25.30000) 1.02 -0.64 126.1 +79.3  75.0 *
019 2613390 (339.02077 +26.10000) 1.02 -0.67 121.2 +79.5  80.0 *
020 2453495 (349.52039 +24.50000) 1.06 -1.37 107.3 +70.5  81.0 *
021 2533137 (313.74349 +25.30000) 1.03  1.02 247.4 +75.1  86.0 *
022 2373552 (355.20728 +23.70000) 1.10 -1.75 103.0 +65.5  86.0 *
023 2533447 (344.71412 +25.30000) 1.04 -1.05 111.8 +74.7  90.0 *
024 2613141 (314.07721 +26.10000) 1.03  0.99 249.6 +75.7  95.0 *
025 2453557 (355.67450 +24.50000) 1.10 -1.78 100.9 +65.4  96.0 *
026 2373591 (359.13886 +23.70000) 1.14 -2.09  98.7 +61.2  97.0 *
027 2533509 (350.90824 +25.30000) 1.07 -1.46 103.5 +69.7  99.0 *
028 2613453 (345.25666 +26.10000) 1.04 -1.08 108.3 +74.6 104.0 *
029 2453592 (359.19113 +24.50000) 1.14 -2.11  97.0 +61.3 116.0 *
030 2533571 (357.10237 +25.30000) 1.11 -1.87  97.9 +64.5 119.0 *
031 2613515 (351.49255 +26.10000) 1.07 -1.50 100.8 +69.5 124.0 *
032 2370022 (  0.44937 +23.70000) 1.16 -2.19  97.6 +59.9 128.0 *
033 2290083 (  9.17296 +22.90000) 1.25 -2.71  93.8 +53.0 128.0 *
034 2210152 ( 15.16413 +22.10000) 1.35 -3.08  91.7 +48.0 129.0 *
035 2290144 ( 13.51520 +22.90000) 1.32 -3.00  91.3 +49.4 130.0 *
036 2290205 ( 22.63388 +22.90000) 1.52 -3.65  86.3 +41.0 139.0 *
037 2450023 (  2.31783 +24.50000) 1.16 -2.22  95.8 +59.8 140.0 *
038 2290265 ( 26.54189 +22.90000) 1.60 -3.84  85.0 +38.7 141.0 *
039 2370206 ( 22.33355 +23.70000) 1.50 -3.62  85.5 +41.8 142.0 *
040 2613573 (357.28301 +26.10000) 1.11 -1.90  95.9 +64.5 143.0 *
041 2450084 (  8.40695 +24.50000) 1.23 -2.63  92.0 +54.7 144.0 *
042 2370267 ( 26.70198 +23.70000) 1.59 -3.85  83.9 +38.9 147.0 *
043 2450146 ( 14.56106 +24.50000) 1.32 -3.04  88.7 +49.5 154.0 *
044 2450207 ( 20.71517 +24.50000) 1.43 -3.45  85.7 +44.2 157.0 *
045 2530032 (  3.15237 +25.30000) 1.16 -2.28  93.8 +59.4 157.0 *
046 2530093 (  9.34649 +25.30000) 1.23 -2.69  90.2 +54.2 159.0 *
047 2530217 ( 21.73474 +25.30000) 1.45 -3.52  84.2 +43.7 163.0 *
048 2450269 ( 26.86928 +24.50000) 1.59 -3.86  82.9 +39.0 166.0 *
049 2530155 ( 15.54062 +25.30000) 1.33 -3.10  87.1 +48.9 168.0 *
050 2610023 (  2.39574 +26.10000) 1.15 -2.23  92.7 +60.3 170.0 *
051 2610085 (  8.51867 +26.10000) 1.22 -2.64  89.3 +55.1 171.0 *
052 2610210 ( 20.99045 +26.10000) 1.42 -3.47  83.5 +44.6 177.0 *
053 2610148 ( 14.75456 +26.10000) 1.31 -3.05  86.3 +49.8 179.0 *
054 2530279 ( 27.92887 +25.30000) 1.61 -3.93  81.5 +38.5 180.0 *
055 2610272 ( 27.22634 +26.10000) 1.58 -3.88  80.8 +39.3 186.0 *
