#No  Block  (       RA       Dec) Airm HA       Az   Alt   Key Other
001 2213105 (310.45993 +22.10000) 1.02 -0.26 159.5 +79.5  41.0 *
002 2373307 (330.74411 +23.70000) 1.09 -1.61 105.0 +67.1  41.0 *
003 2213346 (335.49963 +22.10000) 1.13 -1.96 103.3 +62.1  42.0 *
004 2293114 (311.39227 +22.90000) 1.02 -0.32 153.3 +80.0  42.0 *
005 2293357 (335.70876 +22.90000) 1.13 -1.95 102.0 +62.7  43.0 *
006 2293175 (317.47139 +22.90000) 1.03 -0.73 130.3 +76.7  45.0 *
007 2373246 (324.62833 +23.70000) 1.05 -1.21 112.8 +72.0  48.0 *
008 2373124 (312.39675 +23.70000) 1.01 -0.39 146.4 +80.2  49.0 *
009 2373185 (318.51254 +23.70000) 1.03 -0.80 125.0 +76.6  51.0 *
010 2213407 (338.52167 +22.10000) 1.17 -2.21 100.2 +59.0  54.0 *
011 2453249 (324.90396 +24.50000) 1.05 -1.23 110.1 +72.2  56.0 *
012 2453311 (331.05806 +24.50000) 1.08 -1.64 102.9 +67.2  58.0 *
013 2453187 (318.74985 +24.50000) 1.03 -0.81 121.7 +76.9  61.0 *
014 2373369 (336.85990 +23.70000) 1.13 -2.02  99.5 +62.0  62.0 *
015 2453126 (312.59574 +24.50000) 1.01 -0.40 142.9 +80.8  65.0 *
016 2533261 (326.13174 +25.30000) 1.05 -1.31 106.2 +71.6  70.0 *
017 2533323 (332.32587 +25.30000) 1.09 -1.72  99.8 +66.5  70.0 *
018 2533137 (313.74349 +25.30000) 1.01 -0.48 134.6 +80.8  70.0 *
019 2373430 (342.97569 +23.70000) 1.19 -2.43  95.1 +56.9  71.0 *
020 2453372 (337.21217 +24.50000) 1.13 -2.05  97.6 +62.1  74.0 *
021 2533199 (319.93762 +25.30000) 1.03 -0.89 116.1 +76.5  78.0 *
022 2613328 (332.78488 +26.10000) 1.09 -1.75  97.6 +66.4  80.0 *
023 2613141 (314.07721 +26.10000) 1.01 -0.50 129.7 +81.2  81.0 *
024 2533385 (338.51999 +25.30000) 1.14 -2.13  95.2 +61.3  83.0 *
025 2453434 (343.36629 +24.50000) 1.19 -2.46  93.5 +56.9  84.0 *
026 2613203 (320.31311 +26.10000) 1.03 -0.92 112.4 +76.6  84.0 *
027 2613265 (326.54899 +26.10000) 1.05 -1.33 103.4 +71.6  85.0 *
028 2613390 (339.02077 +26.10000) 1.14 -2.17  93.3 +61.1  93.0 *
029 2533447 (344.71412 +25.30000) 1.21 -2.55  91.4 +56.0  97.0 *
030 2453495 (349.52039 +24.50000) 1.28 -2.87  90.0 +51.6  99.0 *
031 2373552 (355.20728 +23.70000) 1.38 -3.25  88.2 +46.5 101.0 *
032 2373591 (359.13886 +23.70000) 1.49 -3.58  85.8 +42.2 106.0 *
033 2453557 (355.67450 +24.50000) 1.38 -3.28  86.9 +46.4 110.0 *
034 2613453 (345.25666 +26.10000) 1.21 -2.58  89.7 +55.8 112.0 *
035 2533509 (350.90824 +25.30000) 1.29 -2.96  88.1 +50.8 113.0 *
036 2453592 (359.19113 +24.50000) 1.49 -3.60  84.6 +42.3 119.0 *
037 2533571 (357.10237 +25.30000) 1.40 -3.37  85.2 +45.5 125.0 *
038 2370022 (  0.44937 +23.70000) 1.53 -3.69  85.1 +40.9 126.0 *
039 2613515 (351.49255 +26.10000) 1.30 -3.00  86.7 +50.5 126.0 *
040 2450023 (  2.31783 +24.50000) 1.53 -3.72  83.9 +40.8 142.0 *
041 2613573 (357.28301 +26.10000) 1.40 -3.40  83.9 +45.4 146.0 *
042 2530032 (  3.15237 +25.30000) 1.54 -3.78  82.5 +40.4 148.0 *
043 2610023 (  2.39574 +26.10000) 1.51 -3.72  81.8 +41.3 161.0 *
