#No  Block  (       RA       Dec) Airm HA       Az   Alt   Key Other
001 2453372 (337.21217 +24.50000) 1.11  1.90 260.6 +63.9  60.0 *
002 2613573 (357.28301 +26.10000) 1.01  0.54 232.6 +80.8  73.0 *
003 2533385 (338.51999 +25.30000) 1.10  1.81 261.3 +65.3  74.0 *
004 2453311 (331.05806 +24.50000) 1.17  2.31 265.1 +58.8  78.0 *
005 2533323 (332.32587 +25.30000) 1.15  2.22 265.7 +60.1  79.0 *
006 2613453 (345.25666 +26.10000) 1.06  1.36 257.0 +71.3  81.0 *
007 2373124 (312.39675 +23.70000) 1.48  3.55 274.0 +42.7  81.0 *
008 2453187 (318.74985 +24.50000) 1.34  3.13 272.0 +48.3  83.0 *
009 2613390 (339.02077 +26.10000) 1.09  1.78 262.7 +66.1  84.0 *
010 2613515 (351.49255 +26.10000) 1.03  0.94 248.3 +76.3  84.0 *
011 2290083 (  9.17296 +22.90000) 1.01 -0.27 157.7 +80.3  86.0 *
012 2290144 ( 13.51520 +22.90000) 1.02 -0.55 138.8 +78.3  88.0 *
013 2210152 ( 15.16413 +22.10000) 1.03 -0.63 137.0 +77.0  88.0 *
014 2370022 (  0.44937 +23.70000) 1.01  0.26 203.2 +81.1  89.0 *
015 2453126 (312.59574 +24.50000) 1.46  3.54 274.9 +43.1  89.0 *
016 2533199 (319.93762 +25.30000) 1.31  3.05 272.5 +49.6  91.0 *
017 2533261 (326.13174 +25.30000) 1.22  2.63 269.3 +54.9  92.0 *
018 2613328 (332.78488 +26.10000) 1.15  2.19 266.9 +60.8  95.0 *
019 2450084 (  8.40695 +24.50000) 1.01 -0.18 161.3 +82.2  97.0 *
020 2613265 (326.54899 +26.10000) 1.21  2.61 270.4 +55.5  98.0 *
021 2290205 ( 22.63388 +22.90000) 1.05 -1.21 114.9 +71.6  99.0 *
022 2450023 (  2.31783 +24.50000) 1.01  0.22 202.3 +82.0 100.0 *
023 2290265 ( 26.54189 +22.90000) 1.07 -1.39 110.9 +69.4 101.0 *
024 2370206 ( 22.33355 +23.70000) 1.05 -1.17 113.6 +72.4 101.0 *
025 2450207 ( 20.71517 +24.50000) 1.04 -1.00 115.6 +74.8 102.0 *
026 2613203 (320.31311 +26.10000) 1.30  3.02 273.5 +50.2 104.0 *
027 2530032 (  3.15237 +25.30000) 1.01  0.17 198.8 +83.0 105.0 *
028 2370267 ( 26.70198 +23.70000) 1.07 -1.40 108.7 +69.7 106.0 *
029 2533137 (313.74349 +25.30000) 1.43  3.46 275.4 +44.4 107.0 *
030 2450146 ( 14.56106 +24.50000) 1.02 -0.59 131.3 +79.2 107.0 *
031 2530093 (  9.34649 +25.30000) 1.01 -0.25 153.1 +82.6 112.0 *
032 2613141 (314.07721 +26.10000) 1.42  3.44 276.3 +44.9 121.0 *
033 2450269 ( 26.86928 +24.50000) 1.06 -1.41 106.4 +69.9 121.0 *
034 2210454 ( 47.97477 +22.10000) 1.30 -2.91  93.2 +50.1 122.0 *
035 2530155 ( 15.54062 +25.30000) 1.02 -0.66 125.0 +79.1 124.0 *
036 2370450 ( 46.35987 +23.70000) 1.26 -2.76  92.1 +52.7 125.0 *
037 2610085 (  8.51867 +26.10000) 1.01 -0.19 156.1 +83.6 125.0 *
038 2530217 ( 21.73474 +25.30000) 1.04 -1.07 111.2 +74.4 127.0 *
039 2450330 ( 33.02338 +24.50000) 1.11 -1.90  99.3 +63.9 127.0 *
040 2450453 ( 45.33160 +24.50000) 1.23 -2.65  91.9 +54.5 128.0 *
041 2610023 (  2.39574 +26.10000) 1.01  0.22 206.7 +83.5 130.0 *
042 2450392 ( 39.17749 +24.50000) 1.16 -2.24  95.6 +59.7 133.0 *
043 2450515 ( 51.48571 +24.50000) 1.32 -3.06  88.6 +49.2 137.0 *
044 2530403 ( 40.31712 +25.30000) 1.17 -2.31  93.4 +59.0 138.0 *
045 2610148 ( 14.75456 +26.10000) 1.02 -0.61 124.1 +80.1 139.0 *
046 2530341 ( 34.12299 +25.30000) 1.11 -1.90  97.7 +64.2 140.0 *
047 2450576 ( 57.20024 +24.50000) 1.43 -3.45  85.7 +44.2 142.0 *
048 2530279 ( 27.92887 +25.30000) 1.07 -1.49 103.2 +69.4 142.0 *
049 2610272 ( 27.22634 +26.10000) 1.06 -1.44 101.8 +70.3 146.0 *
050 2530465 ( 46.51124 +25.30000) 1.24 -2.72  89.9 +53.7 146.0 *
051 2610210 ( 20.99045 +26.10000) 1.03 -1.02 109.7 +75.4 149.0 *
052 2530589 ( 58.89949 +25.30000) 1.46 -3.55  84.0 +43.2 156.0 *
053 2530527 ( 52.70537 +25.30000) 1.34 -3.14  86.8 +48.5 157.0 *
054 2610335 ( 33.46222 +26.10000) 1.10 -1.85  96.4 +65.1 158.0 *
055 2610397 ( 39.69811 +26.10000) 1.16 -2.27  92.3 +59.8 158.0 *
056 2610459 ( 45.93400 +26.10000) 1.23 -2.69  88.9 +54.5 172.0 *
057 2610646 ( 64.64167 +26.10000) 1.60 -3.93  80.5 +38.7 177.0 *
058 2610522 ( 52.16989 +26.10000) 1.32 -3.10  85.9 +49.2 183.0 *
059 2610584 ( 58.40578 +26.10000) 1.44 -3.52  83.2 +43.9 187.0 *
