#No  Block  (       RA       Dec) Airm HA       Az   Alt   Key Other
001 2213165 (316.50400 +22.10000) 1.10 -1.67 107.6 +65.6  13.0 *
002 2213105 (310.45993 +22.10000) 1.06 -1.27 115.5 +70.4  14.0 *
003 2053216 (319.90915 +20.50000) 1.14 -1.96 106.3 +61.3  16.0 *
004 2293175 (317.47139 +22.90000) 1.10 -1.74 104.9 +65.2  20.0 *
005 2213225 (322.54807 +22.10000) 1.15 -2.08 101.8 +60.7  24.0 *
006 2293114 (311.39227 +22.90000) 1.06 -1.33 112.1 +70.1  25.0 *
007 2373185 (318.51254 +23.70000) 1.11 -1.81 102.2 +64.7  29.0 *
008 2373124 (312.39675 +23.70000) 1.07 -1.40 108.8 +69.7  30.0 *
009 2293236 (323.55052 +22.90000) 1.15 -2.14  99.6 +60.2  34.0 *
010 2453187 (318.74985 +24.50000) 1.10 -1.82 100.3 +64.9  37.0 *
011 2213286 (326.43355 +22.10000) 1.20 -2.41  98.0 +56.5  38.0 *
012 2453126 (312.59574 +24.50000) 1.06 -1.41 106.5 +69.9  43.0 *
013 2373246 (324.62833 +23.70000) 1.16 -2.22  97.3 +59.6  43.0 *
014 2293296 (329.62964 +22.90000) 1.22 -2.55  95.3 +55.1  45.0 *
015 2453249 (324.90396 +24.50000) 1.16 -2.23  95.7 +59.7  53.0 *
016 2213346 (335.49963 +22.10000) 1.32 -2.97  92.7 +49.4  58.0 *
017 2373307 (330.74411 +23.70000) 1.23 -2.62  93.3 +54.4  60.0 *
018 2293357 (335.70876 +22.90000) 1.31 -2.95  91.7 +49.9  62.0 *
019 2213407 (338.52167 +22.10000) 1.38 -3.22  90.6 +46.3  65.0 *
020 2453311 (331.05806 +24.50000) 1.23 -2.64  91.9 +54.5  70.0 *
021 2373369 (336.85990 +23.70000) 1.32 -3.03  89.9 +49.3  75.0 *
022 2453372 (337.21217 +24.50000) 1.32 -3.05  88.6 +49.3  81.0 *
023 2373430 (342.97569 +23.70000) 1.44 -3.44  86.8 +44.1  82.0 *
024 2453434 (343.36629 +24.50000) 1.44 -3.46  85.6 +44.0  87.0 *
025 2453495 (349.52039 +24.50000) 1.59 -3.87  82.8 +38.8  96.0 *
