#No  Block  (       RA       Dec) Airm HA       Az   Alt   Key Other
001 2453249 (324.90396 +24.50000) 1.01  0.06 186.1 +82.5  29.0 *
002 2213346 (335.49963 +22.10000) 1.03 -0.68 134.9 +76.6  32.0 *
003 2453311 (331.05806 +24.50000) 1.01 -0.35 146.7 +81.2  35.0 *
004 2293357 (335.70876 +22.90000) 1.02 -0.66 133.4 +77.4  36.0 *
005 2533261 (326.13174 +25.30000) 1.01 -0.02 177.2 +83.3  41.0 *
006 2453187 (318.74985 +24.50000) 1.01  0.47 221.4 +80.3  43.0 *
007 2213407 (338.52167 +22.10000) 1.04 -0.93 125.2 +74.2  45.0 *
008 2373369 (336.85990 +23.70000) 1.03 -0.74 127.4 +77.2  46.0 *
009 2533323 (332.32587 +25.30000) 1.01 -0.44 137.6 +81.2  53.0 *
010 2373124 (312.39675 +23.70000) 1.03  0.89 238.4 +75.6  55.0 *
011 2453372 (337.21217 +24.50000) 1.02 -0.76 123.7 +77.5  60.0 *
012 2533199 (319.93762 +25.30000) 1.01  0.39 219.0 +81.6  61.0 *
013 2613265 (326.54899 +26.10000) 1.01 -0.05 173.2 +84.1  61.0 *
014 2373430 (342.97569 +23.70000) 1.05 -1.15 114.2 +72.7  64.0 *
015 2613203 (320.31311 +26.10000) 1.01  0.36 220.6 +82.4  65.0 *
016 2453126 (312.59574 +24.50000) 1.03  0.88 240.6 +76.2  66.0 *
017 2453434 (343.36629 +24.50000) 1.05 -1.17 111.3 +72.8  69.0 *
018 2533137 (313.74349 +25.30000) 1.02  0.80 240.8 +77.5  69.0 *
019 2613328 (332.78488 +26.10000) 1.01 -0.47 132.0 +81.5  69.0 *
020 2533385 (338.51999 +25.30000) 1.03 -0.85 117.6 +77.0  79.0 *
021 2613141 (314.07721 +26.10000) 1.02  0.78 243.1 +78.2  85.0 *
022 2613390 (339.02077 +26.10000) 1.03 -0.88 113.5 +77.0  85.0 *
023 2453495 (349.52039 +24.50000) 1.08 -1.58 103.7 +67.8  87.0 *
024 2373552 (355.20728 +23.70000) 1.12 -1.96 100.2 +62.8  88.0 *
025 2533447 (344.71412 +25.30000) 1.05 -1.26 107.1 +72.1  94.0 *
026 2533509 (350.90824 +25.30000) 1.09 -1.68 100.4 +67.0  98.0 *
027 2453557 (355.67450 +24.50000) 1.13 -1.99  98.2 +62.7  98.0 *
028 2373591 (359.13886 +23.70000) 1.17 -2.30  96.4 +58.5 100.0 *
029 2613453 (345.25666 +26.10000) 1.05 -1.30 104.0 +72.0 106.0 *
030 2453592 (359.19113 +24.50000) 1.17 -2.32  94.8 +58.6 118.0 *
031 2613515 (351.49255 +26.10000) 1.09 -1.71  98.0 +66.8 123.0 *
032 2370022 (  0.44937 +23.70000) 1.19 -2.40  95.4 +57.2 125.0 *
033 2290083 (  9.17296 +22.90000) 1.30 -2.92  91.9 +50.3 126.0 *
034 2533571 (357.10237 +25.30000) 1.13 -2.09  95.6 +61.8 126.0 *
035 2210152 ( 15.16413 +22.10000) 1.41 -3.29  90.0 +45.3 127.0 *
036 2290144 ( 13.51520 +22.90000) 1.38 -3.21  89.6 +46.6 128.0 *
037 2613573 (357.28301 +26.10000) 1.14 -2.12  93.8 +61.7 136.0 *
038 2290205 ( 22.63388 +22.90000) 1.61 -3.87  84.7 +38.3 137.0 *
039 2450023 (  2.31783 +24.50000) 1.19 -2.44  93.7 +57.1 137.0 *
040 2370206 ( 22.33355 +23.70000) 1.59 -3.83  84.1 +39.1 139.0 *
041 2450084 (  8.40695 +24.50000) 1.27 -2.84  90.2 +52.0 142.0 *
042 2450146 ( 14.56106 +24.50000) 1.37 -3.25  87.1 +46.7 151.0 *
043 2530032 (  3.15237 +25.30000) 1.20 -2.49  91.8 +56.7 153.0 *
044 2450207 ( 20.71517 +24.50000) 1.51 -3.66  84.2 +41.5 154.0 *
045 2530093 (  9.34649 +25.30000) 1.28 -2.90  88.5 +51.4 157.0 *
046 2530217 ( 21.73474 +25.30000) 1.53 -3.73  82.8 +41.0 160.0 *
047 2530155 ( 15.54062 +25.30000) 1.39 -3.32  85.6 +46.2 162.0 *
048 2610023 (  2.39574 +26.10000) 1.18 -2.44  90.9 +57.6 164.0 *
049 2610085 (  8.51867 +26.10000) 1.26 -2.85  87.7 +52.4 171.0 *
050 2610210 ( 20.99045 +26.10000) 1.50 -3.68  82.1 +41.9 172.0 *
051 2610148 ( 14.75456 +26.10000) 1.36 -3.27  84.8 +47.1 173.0 *
