#No  Block  (       RA       Dec) Airm HA       Az   Alt   Key Other
001 2293114 (311.39227 +22.90000) 1.01  0.10 189.0 +80.8  11.0 *
002 2373124 (312.39675 +23.70000) 1.01  0.04 183.5 +81.7  14.0 *
003 2293175 (317.47139 +22.90000) 1.02 -0.30 155.0 +80.1  22.0 *
004 2373185 (318.51254 +23.70000) 1.01 -0.37 147.8 +80.4  28.0 *
005 2453126 (312.59574 +24.50000) 1.01  0.02 182.4 +82.5  29.0 *
006 2453187 (318.74985 +24.50000) 1.01 -0.39 144.1 +81.0  35.0 *
007 2533137 (313.74349 +25.30000) 1.01 -0.05 173.8 +83.3  39.0 *
008 2373246 (324.62833 +23.70000) 1.03 -0.78 125.8 +76.8  41.0 *
009 2453249 (324.90396 +24.50000) 1.03 -0.80 122.3 +77.1  47.0 *
010 2613141 (314.07721 +26.10000) 1.01 -0.08 170.1 +84.1  50.0 *
011 2213346 (335.49963 +22.10000) 1.08 -1.53 110.0 +67.3  53.0 *
012 2293357 (335.70876 +22.90000) 1.08 -1.52 108.5 +67.9  54.0 *
013 2533199 (319.93762 +25.30000) 1.01 -0.47 135.6 +80.9  56.0 *
014 2613203 (320.31311 +26.10000) 1.01 -0.49 130.4 +81.3  58.0 *
015 2453311 (331.05806 +24.50000) 1.05 -1.21 110.5 +72.4  63.0 *
016 2213407 (338.52167 +22.10000) 1.11 -1.78 105.9 +64.3  63.0 *
017 2533261 (326.13174 +25.30000) 1.03 -0.88 116.6 +76.7  69.0 *
018 2373369 (336.85990 +23.70000) 1.08 -1.59 105.4 +67.4  70.0 *
019 2613265 (326.54899 +26.10000) 1.03 -0.91 112.8 +76.8  75.0 *
020 2533323 (332.32587 +25.30000) 1.05 -1.29 106.5 +71.8  81.0 *
021 2453372 (337.21217 +24.50000) 1.08 -1.62 103.1 +67.4  81.0 *
022 2373430 (342.97569 +23.70000) 1.13 -2.00  99.7 +62.3  83.0 *
023 2613328 (332.78488 +26.10000) 1.05 -1.32 103.6 +71.7  90.0 *
024 2453434 (343.36629 +24.50000) 1.13 -2.03  97.8 +62.3  92.0 *
025 2533385 (338.51999 +25.30000) 1.09 -1.71 100.0 +66.6  94.0 *
026 2373552 (355.20728 +23.70000) 1.27 -2.82  91.6 +52.0 100.0 *
027 2453495 (349.52039 +24.50000) 1.19 -2.44  93.7 +57.1 103.0 *
028 2533447 (344.71412 +25.30000) 1.14 -2.12  95.3 +61.4 106.0 *
029 2613390 (339.02077 +26.10000) 1.09 -1.74  97.7 +66.5 111.0 *
030 2373591 (359.13886 +23.70000) 1.35 -3.16  88.9 +47.7 111.0 *
031 2453557 (355.67450 +24.50000) 1.27 -2.85  90.2 +51.9 114.0 *
032 2533509 (350.90824 +25.30000) 1.20 -2.53  91.5 +56.2 114.0 *
033 2613453 (345.25666 +26.10000) 1.14 -2.15  93.4 +61.3 117.0 *
034 2453592 (359.19113 +24.50000) 1.35 -3.17  87.7 +47.7 120.0 *
035 2370022 (  0.44937 +23.70000) 1.38 -3.26  88.1 +46.4 124.0 *
036 2290083 (  9.17296 +22.90000) 1.57 -3.78  85.4 +39.4 127.0 *
037 2533571 (357.10237 +25.30000) 1.29 -2.94  88.2 +50.9 129.0 *
038 2613515 (351.49255 +26.10000) 1.21 -2.57  89.8 +56.0 133.0 *
039 2450023 (  2.31783 +24.50000) 1.38 -3.29  86.8 +46.2 143.0 *
040 2613573 (357.28301 +26.10000) 1.29 -2.97  86.9 +50.9 143.0 *
041 2450084 (  8.40695 +24.50000) 1.52 -3.70  84.0 +41.1 143.0 *
042 2530032 (  3.15237 +25.30000) 1.39 -3.35  85.4 +45.8 147.0 *
043 2530093 (  9.34649 +25.30000) 1.54 -3.76  82.6 +40.6 149.0 *
044 2610023 (  2.39574 +26.10000) 1.37 -3.30  84.6 +46.7 161.0 *
045 2610085 (  8.51867 +26.10000) 1.51 -3.71  82.0 +41.6 167.0 *
