#No  Block  (       RA       Dec) Airm HA       Az   Alt   Key Other
001 2450392 ( 39.17749 +24.50000) 1.01 -0.37 145.3 +81.1  34.0 *
002 2530341 ( 34.12299 +25.30000) 1.01 -0.03 176.0 +83.3  39.0 *
003 2210454 ( 47.97477 +22.10000) 1.05 -1.05 121.3 +72.9  48.0 *
004 2370450 ( 46.35987 +23.70000) 1.03 -0.90 121.5 +75.5  50.0 *
005 2450453 ( 45.33160 +24.50000) 1.03 -0.78 122.9 +77.3  51.0 *
006 2530279 ( 27.92887 +25.30000) 1.01  0.38 218.2 +81.7  53.0 *
007 2450207 ( 20.71517 +24.50000) 1.03  0.86 239.9 +76.4  54.0 *
008 2530403 ( 40.31712 +25.30000) 1.01 -0.45 136.9 +81.1  56.0 *
009 2610335 ( 33.46222 +26.10000) 1.01  0.01 181.3 +84.1  61.0 *
010 2610272 ( 27.22634 +26.10000) 1.01  0.43 225.2 +81.9  63.0 *
011 2530217 ( 21.73474 +25.30000) 1.02  0.79 240.4 +77.6  63.0 *
012 2290083 (  9.17296 +22.90000) 1.09  1.60 252.9 +66.9  66.0 *
013 2610397 ( 39.69811 +26.10000) 1.01 -0.41 136.2 +82.1  68.0 *
014 2450515 ( 51.48571 +24.50000) 1.05 -1.19 110.9 +72.6  69.0 *
015 2530155 ( 15.54062 +25.30000) 1.05  1.20 251.8 +72.8  69.0 *
016 2450146 ( 14.56106 +24.50000) 1.05  1.27 250.8 +71.7  69.0 *
017 2530465 ( 46.51124 +25.30000) 1.03 -0.86 117.2 +76.9  69.0 *
018 2450084 (  8.40695 +24.50000) 1.09  1.68 257.8 +66.6  70.0 *
019 2610210 ( 20.99045 +26.10000) 1.02  0.84 245.2 +77.5  73.0 *
020 2370022 (  0.44937 +23.70000) 1.15  2.12 261.6 +60.8  74.0 *
021 2450576 ( 57.20024 +24.50000) 1.08 -1.59 103.6 +67.8  76.0 *
022 2610459 ( 45.93400 +26.10000) 1.02 -0.82 115.4 +77.7  80.0 *
023 2450023 (  2.31783 +24.50000) 1.14  2.09 262.8 +61.6  82.0 *
024 2530093 (  9.34649 +25.30000) 1.08  1.62 258.8 +67.7  83.0 *
025 2530527 ( 52.70537 +25.30000) 1.05 -1.27 106.9 +72.0  84.0 *
026 2530032 (  3.15237 +25.30000) 1.13  2.03 263.8 +62.5  91.0 *
027 2610148 ( 14.75456 +26.10000) 1.05  1.26 255.2 +72.5  92.0 *
028 2533385 (338.51999 +25.30000) 1.50  3.67 276.8 +41.7  93.0 *
029 2610085 (  8.51867 +26.10000) 1.08  1.67 261.5 +67.4  94.0 *
030 2530589 ( 58.89949 +25.30000) 1.09 -1.69 100.3 +66.9  94.0 *
031 2610522 ( 52.16989 +26.10000) 1.05 -1.24 105.1 +72.8 101.0 *
032 2613390 (339.02077 +26.10000) 1.48  3.64 277.6 +42.4 103.0 *
033 2610023 (  2.39574 +26.10000) 1.13  2.08 265.9 +62.2 104.0 *
034 2530651 ( 65.53606 +25.30000) 1.15 -2.20  94.5 +60.3 104.0 *
035 2613453 (345.25666 +26.10000) 1.35  3.22 274.9 +47.7 106.0 *
036 2450699 ( 72.58551 +24.50000) 1.24 -2.69  91.5 +53.9 108.0 *
037 2613573 (357.28301 +26.10000) 1.18  2.41 268.8 +58.0 108.0 *
038 2613515 (351.49255 +26.10000) 1.25  2.81 272.0 +52.9 113.0 *
039 2610584 ( 58.40578 +26.10000) 1.08 -1.65  98.8 +67.6 113.0 *
040 2610646 ( 64.64167 +26.10000) 1.13 -2.07  94.2 +62.3 118.0 *
041 2610709 ( 70.87756 +26.10000) 1.19 -2.48  90.5 +57.1 134.0 *
