#No  Block  (       RA       Dec) Airm HA       Az   Alt   Key Other
001 2370450 ( 46.35987 +23.70000) 1.02 -0.68 129.9 +77.8  41.0 *
002 2210454 ( 47.97477 +22.10000) 1.03 -0.84 128.4 +75.1  41.0 *
003 2450453 ( 45.33160 +24.50000) 1.02 -0.57 132.7 +79.4  42.0 *
004 2530403 ( 40.31712 +25.30000) 1.01 -0.23 154.4 +82.7  48.0 *
005 2530341 ( 34.12299 +25.30000) 1.01  0.18 200.2 +82.9  54.0 *
006 2450515 ( 51.48571 +24.50000) 1.03 -0.98 116.3 +75.1  55.0 *
007 2530279 ( 27.92887 +25.30000) 1.02  0.59 231.7 +79.8  58.0 *
008 2530465 ( 46.51124 +25.30000) 1.02 -0.65 125.6 +79.2  62.0 *
009 2450207 ( 20.71517 +24.50000) 1.04  1.07 246.3 +74.0  63.0 *
010 2530217 ( 21.73474 +25.30000) 1.03  1.01 247.1 +75.2  64.0 *
011 2290083 (  9.17296 +22.90000) 1.11  1.81 256.2 +64.3  66.0 *
012 2610397 ( 39.69811 +26.10000) 1.01 -0.19 156.0 +83.6  67.0 *
013 2450084 (  8.40695 +24.50000) 1.11  1.89 260.6 +64.0  69.0 *
014 2610335 ( 33.46222 +26.10000) 1.01  0.22 207.4 +83.4  70.0 *
015 2610272 ( 27.22634 +26.10000) 1.02  0.64 237.5 +79.8  70.0 *
016 2450576 ( 57.20024 +24.50000) 1.06 -1.37 107.2 +70.4  70.0 *
017 2450146 ( 14.56106 +24.50000) 1.07  1.48 254.8 +69.1  71.0 *
018 2610459 ( 45.93400 +26.10000) 1.02 -0.61 124.0 +80.1  71.0 *
019 2370022 (  0.44937 +23.70000) 1.18  2.33 263.9 +58.1  73.0 *
020 2530155 ( 15.54062 +25.30000) 1.06  1.42 255.7 +70.2  75.0 *
021 2450023 (  2.31783 +24.50000) 1.17  2.30 265.0 +58.8  76.0 *
022 2530527 ( 52.70537 +25.30000) 1.04 -1.06 111.5 +74.6  76.0 *
023 2610210 ( 20.99045 +26.10000) 1.04  1.06 251.1 +75.0  79.0 *
024 2530032 (  3.15237 +25.30000) 1.16  2.24 265.9 +59.8  81.0 *
025 2530093 (  9.34649 +25.30000) 1.10  1.83 261.5 +65.1  84.0 *
026 2530589 ( 58.89949 +25.30000) 1.07 -1.47 103.4 +69.6  88.0 *
027 2610522 ( 52.16989 +26.10000) 1.03 -1.02 109.7 +75.4  89.0 *
028 2533385 (338.51999 +25.30000) 1.59  3.89 278.2 +39.0  90.0 *
029 2610148 ( 14.75456 +26.10000) 1.06  1.47 258.7 +69.9  92.0 *
030 2530651 ( 65.53606 +25.30000) 1.12 -1.99  96.6 +63.0  92.0 *
031 2610085 (  8.51867 +26.10000) 1.11  1.89 263.9 +64.7  93.0 *
032 2450699 ( 72.58551 +24.50000) 1.20 -2.48  93.3 +56.6  98.0 *
033 2613390 (339.02077 +26.10000) 1.57  3.85 279.0 +39.7  99.0 *
034 2610584 ( 58.40578 +26.10000) 1.06 -1.44 101.7 +70.3 102.0 *
035 2610023 (  2.39574 +26.10000) 1.16  2.29 267.9 +59.5 103.0 *
036 2613453 (345.25666 +26.10000) 1.42  3.44 276.3 +45.0 103.0 *
037 2610646 ( 64.64167 +26.10000) 1.10 -1.85  96.4 +65.1 106.0 *
038 2613573 (357.28301 +26.10000) 1.22  2.62 270.5 +55.3 107.0 *
039 2613515 (351.49255 +26.10000) 1.30  3.02 273.5 +50.2 110.0 *
040 2610709 ( 70.87756 +26.10000) 1.16 -2.27  92.3 +59.8 122.0 *
