#No  Block  (       RA       Dec) Airm HA       Az   Alt   Key Other
001 2293236 (323.55052 +22.90000) 1.09 -1.62 106.7 +66.6  28.0 *
002 2213105 (310.45993 +22.10000) 1.03 -0.75 131.8 +75.9  32.0 *
003 2213286 (326.43355 +22.10000) 1.12 -1.89 104.3 +63.0  34.0 *
004 2293175 (317.47139 +22.90000) 1.05 -1.22 114.7 +71.5  37.0 *
005 2373246 (324.62833 +23.70000) 1.09 -1.70 103.8 +66.1  38.0 *
006 2293114 (311.39227 +22.90000) 1.03 -0.81 127.0 +75.9  39.0 *
007 2373185 (318.51254 +23.70000) 1.06 -1.29 111.0 +71.1  43.0 *
008 2293296 (329.62964 +22.90000) 1.14 -2.03 100.9 +61.6  44.0 *
009 2453249 (324.90396 +24.50000) 1.09 -1.71 101.8 +66.2  44.0 *
010 2373124 (312.39675 +23.70000) 1.03 -0.88 122.0 +75.7  44.0 *
011 2453187 (318.74985 +24.50000) 1.06 -1.30 108.5 +71.3  51.0 *
012 2373307 (330.74411 +23.70000) 1.14 -2.10  98.5 +61.0  52.0 *
013 2213346 (335.49963 +22.10000) 1.21 -2.45  97.6 +56.0  57.0 *
014 2453126 (312.59574 +24.50000) 1.03 -0.89 119.0 +76.1  58.0 *
015 2293357 (335.70876 +22.90000) 1.20 -2.43  96.4 +56.5  59.0 *
016 2533261 (326.13174 +25.30000) 1.10 -1.80  98.9 +65.5  61.0 *
017 2533199 (319.93762 +25.30000) 1.06 -1.38 104.9 +70.7  65.0 *
018 2533137 (313.74349 +25.30000) 1.03 -0.97 113.9 +75.6  66.0 *
019 2453311 (331.05806 +24.50000) 1.14 -2.12  96.8 +61.1  67.0 *
020 2213407 (338.52167 +22.10000) 1.25 -2.70  95.1 +52.9  68.0 *
021 2613265 (326.54899 +26.10000) 1.10 -1.82  96.8 +65.4  71.0 *
022 2613203 (320.31311 +26.10000) 1.06 -1.41 102.2 +70.7  71.0 *
023 2373369 (336.85990 +23.70000) 1.21 -2.51  94.4 +55.9  77.0 *
024 2613141 (314.07721 +26.10000) 1.03 -0.99 110.5 +75.7  77.0 *
025 2533323 (332.32587 +25.30000) 1.15 -2.21  94.4 +60.3  81.0 *
026 2453372 (337.21217 +24.50000) 1.21 -2.53  92.8 +55.9  88.0 *
027 2373430 (342.97569 +23.70000) 1.29 -2.92  90.8 +50.7  90.0 *
028 2613328 (332.78488 +26.10000) 1.15 -2.24  92.6 +60.2  91.0 *
029 2533385 (338.51999 +25.30000) 1.22 -2.62  90.8 +55.0  99.0 *
030 2453434 (343.36629 +24.50000) 1.29 -2.94  89.4 +50.6 102.0 *
031 2533447 (344.71412 +25.30000) 1.31 -3.03  87.6 +49.8 111.0 *
032 2453495 (349.52039 +24.50000) 1.40 -3.36  86.4 +45.4 115.0 *
033 2613390 (339.02077 +26.10000) 1.22 -2.66  89.2 +54.9 115.0 *
034 2373552 (355.20728 +23.70000) 1.55 -3.73  84.7 +40.3 121.0 *
035 2613453 (345.25666 +26.10000) 1.31 -3.07  86.2 +49.6 123.0 *
036 2453557 (355.67450 +24.50000) 1.55 -3.77  83.5 +40.2 130.0 *
037 2533509 (350.90824 +25.30000) 1.43 -3.45  84.7 +44.5 133.0 *
038 2533571 (357.10237 +25.30000) 1.58 -3.86  81.9 +39.3 139.0 *
039 2613515 (351.49255 +26.10000) 1.43 -3.49  83.4 +44.3 143.0 *
040 2613573 (357.28301 +26.10000) 1.58 -3.89  80.8 +39.3 156.0 *
