#No  Block  (       RA       Dec) Airm HA       Az   Alt   Key Other
001 2450330 ( 33.02338 +24.50000) 1.01 -0.10 169.7 +82.4  32.0 *
002 2530279 ( 27.92887 +25.30000) 1.01  0.32 213.3 +82.1  45.0 *
003 2450392 ( 39.17749 +24.50000) 1.01 -0.43 141.0 +80.6  45.0 *
004 2450207 ( 20.71517 +24.50000) 1.03  0.80 237.7 +77.1  50.0 *
005 2530341 ( 34.12299 +25.30000) 1.01 -0.10 169.0 +83.2  50.0 *
006 2530217 ( 21.73474 +25.30000) 1.02  0.73 238.0 +78.3  54.0 *
007 2370450 ( 46.35987 +23.70000) 1.04 -0.96 119.5 +74.9  56.0 *
008 2530403 ( 40.31712 +25.30000) 1.01 -0.51 133.0 +80.6  57.0 *
009 2210454 ( 47.97477 +22.10000) 1.05 -1.11 119.6 +72.2  58.0 *
010 2450146 ( 14.56106 +24.50000) 1.05  1.21 249.5 +72.4  62.0 *
011 2450453 ( 45.33160 +24.50000) 1.03 -0.84 120.7 +76.6  62.0 *
012 2290083 (  9.17296 +22.90000) 1.08  1.54 251.8 +67.7  63.0 *
013 2610335 ( 33.46222 +26.10000) 1.01 -0.05 173.3 +84.1  65.0 *
014 2610272 ( 27.22634 +26.10000) 1.01  0.36 220.6 +82.4  67.0 *
015 2610397 ( 39.69811 +26.10000) 1.01 -0.47 132.0 +81.5  69.0 *
016 2610210 ( 20.99045 +26.10000) 1.02  0.78 243.2 +78.2  69.0 *
017 2450084 (  8.40695 +24.50000) 1.08  1.62 256.9 +67.4  72.0 *
018 2450515 ( 51.48571 +24.50000) 1.05 -1.25 109.6 +71.9  73.0 *
019 2530155 ( 15.54062 +25.30000) 1.04  1.14 250.5 +73.6  74.0 *
020 2530465 ( 46.51124 +25.30000) 1.03 -0.92 115.3 +76.2  74.0 *
021 2370022 (  0.44937 +23.70000) 1.14  2.06 260.9 +61.6  76.0 *
022 2450023 (  2.31783 +24.50000) 1.13  2.02 262.1 +62.3  78.0 *
023 2530032 (  3.15237 +25.30000) 1.12  1.97 263.1 +63.3  86.0 *
024 2530093 (  9.34649 +25.30000) 1.07  1.56 257.9 +68.5  87.0 *
025 2610148 ( 14.75456 +26.10000) 1.04  1.20 254.1 +73.3  92.0 *
026 2610459 ( 45.93400 +26.10000) 1.03 -0.88 113.5 +77.0  92.0 *
027 2450576 ( 57.20024 +24.50000) 1.09 -1.65 102.7 +67.0  94.0 *
028 2530527 ( 52.70537 +25.30000) 1.06 -1.33 105.7 +71.3  95.0 *
029 2610085 (  8.51867 +26.10000) 1.08  1.61 260.7 +68.1  98.0 *
030 2533385 (338.51999 +25.30000) 1.48  3.61 276.4 +42.5 100.0 *
031 2610522 ( 52.16989 +26.10000) 1.05 -1.30 104.0 +72.0 106.0 *
032 2613390 (339.02077 +26.10000) 1.46  3.58 277.2 +43.2 107.0 *
033 2613328 (332.78488 +26.10000) 1.63  3.99 279.9 +37.9 108.0 *
034 2530589 ( 58.89949 +25.30000) 1.09 -1.75  99.5 +66.1 109.0 *
035 2610023 (  2.39574 +26.10000) 1.12  2.02 265.3 +63.0 110.0 *
036 2530651 ( 65.53606 +25.30000) 1.16 -2.27  93.9 +59.6 114.0 *
037 2610584 ( 58.40578 +26.10000) 1.09 -1.71  98.0 +66.8 115.0 *
038 2613573 (357.28301 +26.10000) 1.17  2.35 268.3 +58.8 115.0 *
039 2450699 ( 72.58551 +24.50000) 1.25 -2.75  91.0 +53.1 117.0 *
040 2613515 (351.49255 +26.10000) 1.24  2.75 271.5 +53.7 121.0 *
041 2613453 (345.25666 +26.10000) 1.34  3.16 274.5 +48.4 124.0 *
042 2610646 ( 64.64167 +26.10000) 1.14 -2.13  93.6 +61.6 133.0 *
043 2610709 ( 70.87756 +26.10000) 1.20 -2.55  90.0 +56.3 138.0 *
