#No  Block  (       RA       Dec) Airm HA       Az   Alt   Key Other
001 2213105 (310.45993 +22.10000) 1.10 -1.67 107.7 +65.7   9.0 *
002 2053156 (315.63872 +20.50000) 1.15 -2.01 105.6 +60.7   9.0 *
003 2133165 (316.03820 +21.30000) 1.15 -2.05 103.6 +60.6  14.0 *
004 2293114 (311.39227 +22.90000) 1.10 -1.73 105.0 +65.3  16.0 *
005 2213165 (316.50400 +22.10000) 1.15 -2.07 101.9 +60.8  17.0 *
006 2053216 (319.90915 +20.50000) 1.20 -2.36 101.2 +56.4  24.0 *
007 2373124 (312.39675 +23.70000) 1.10 -1.80 102.4 +64.9  27.0 *
008 2293175 (317.47139 +22.90000) 1.15 -2.14  99.7 +60.3  33.0 *
009 2453126 (312.59574 +24.50000) 1.10 -1.81 100.5 +65.0  36.0 *
010 2213225 (322.54807 +22.10000) 1.21 -2.47  97.3 +55.7  36.0 *
011 2373185 (318.51254 +23.70000) 1.16 -2.20  97.4 +59.7  41.0 *
012 2293236 (323.55052 +22.90000) 1.22 -2.54  95.4 +55.2  46.0 *
013 2453187 (318.74985 +24.50000) 1.16 -2.22  95.8 +59.9  49.0 *
014 2213286 (326.43355 +22.10000) 1.28 -2.81  94.1 +51.4  51.0 *
015 2373246 (324.62833 +23.70000) 1.23 -2.61  93.4 +54.6  55.0 *
016 2293296 (329.62964 +22.90000) 1.30 -2.95  91.7 +50.0  61.0 *
017 2213346 (335.49963 +22.10000) 1.43 -3.37  89.4 +44.3  65.0 *
018 2453249 (324.90396 +24.50000) 1.23 -2.63  92.0 +54.6  65.0 *
019 2373307 (330.74411 +23.70000) 1.32 -3.02  90.0 +49.4  68.0 *
020 2293357 (335.70876 +22.90000) 1.42 -3.35  88.5 +44.9  70.0 *
021 2213407 (338.52167 +22.10000) 1.52 -3.61  87.5 +41.2  73.0 *
022 2453311 (331.05806 +24.50000) 1.32 -3.04  88.7 +49.4  79.0 *
023 2373369 (336.85990 +23.70000) 1.43 -3.43  86.9 +44.2  84.0 *
024 2453372 (337.21217 +24.50000) 1.43 -3.45  85.7 +44.2  88.0 *
025 2373430 (342.97569 +23.70000) 1.59 -3.84  84.0 +39.0  89.0 *
026 2453434 (343.36629 +24.50000) 1.59 -3.86  82.9 +39.0  95.0 *
