#No  Block  (       RA       Dec) Airm HA       Az   Alt   Key Other
001 2370267 ( 26.70198 +23.70000) 1.01 -0.03 177.3 +81.7  30.0 *
002 2450269 ( 26.86928 +24.50000) 1.01 -0.04 175.8 +82.5  43.0 *
003 2530279 ( 27.92887 +25.30000) 1.01 -0.11 167.3 +83.2  44.0 *
004 2450330 ( 33.02338 +24.50000) 1.02 -0.53 135.1 +79.8  49.0 *
005 2450207 ( 20.71517 +24.50000) 1.01  0.37 214.7 +81.1  50.0 *
006 2530217 ( 21.73474 +25.30000) 1.01  0.30 212.0 +82.2  56.0 *
007 2450146 ( 14.56106 +24.50000) 1.03  0.78 237.0 +77.3  58.0 *
008 2290083 (  9.17296 +22.90000) 1.05  1.11 242.6 +72.7  60.0 *
009 2530341 ( 34.12299 +25.30000) 1.01 -0.52 132.1 +80.4  60.0 *
010 2450392 ( 39.17749 +24.50000) 1.03 -0.86 120.1 +76.4  63.0 *
011 2610210 ( 20.99045 +26.10000) 1.01  0.35 219.6 +82.5  66.0 *
012 2370450 ( 46.35987 +23.70000) 1.06 -1.38 109.1 +69.9  70.0 *
013 2530155 ( 15.54062 +25.30000) 1.02  0.72 237.4 +78.5  70.0 *
014 2450084 (  8.40695 +24.50000) 1.05  1.19 249.1 +72.6  70.0 *
015 2530403 ( 40.31712 +25.30000) 1.03 -0.94 114.9 +76.0  71.0 *
016 2610272 ( 27.22634 +26.10000) 1.01 -0.06 171.7 +84.1  72.0 *
017 2210454 ( 47.97477 +22.10000) 1.08 -1.54 110.0 +67.3  72.0 *
018 2450453 ( 45.33160 +24.50000) 1.05 -1.27 109.2 +71.7  74.0 *
019 2450023 (  2.31783 +24.50000) 1.08  1.60 256.6 +67.7  75.0 *
020 2370022 (  0.44937 +23.70000) 1.09  1.63 255.2 +66.9  75.0 *
021 2610335 ( 33.46222 +26.10000) 1.01 -0.48 131.2 +81.4  77.0 *
022 2530093 (  9.34649 +25.30000) 1.04  1.13 250.1 +73.7  84.0 *
023 2610397 ( 39.69811 +26.10000) 1.03 -0.89 113.1 +76.9  84.0 *
024 2530032 (  3.15237 +25.30000) 1.07  1.54 257.7 +68.7  89.0 *
025 2610148 ( 14.75456 +26.10000) 1.02  0.77 242.7 +78.4  90.0 *
026 2450515 ( 51.48571 +24.50000) 1.09 -1.68 102.2 +66.6  90.0 *
027 2530465 ( 46.51124 +25.30000) 1.06 -1.35 105.4 +71.1  96.0 *
028 2610085 (  8.51867 +26.10000) 1.04  1.18 253.8 +73.4  96.0 *
029 2450576 ( 57.20024 +24.50000) 1.14 -2.08  97.3 +61.7 106.0 *
030 2610023 (  2.39574 +26.10000) 1.08  1.59 260.4 +68.4 109.0 *
031 2610459 ( 45.93400 +26.10000) 1.05 -1.31 103.8 +71.9 111.0 *
032 2613265 (326.54899 +26.10000) 1.62  3.98 279.8 +38.1 112.0 *
033 2533385 (338.51999 +25.30000) 1.35  3.18 273.5 +47.9 112.0 *
034 2530527 ( 52.70537 +25.30000) 1.10 -1.76  99.3 +65.9 112.0 *
035 2613328 (332.78488 +26.10000) 1.46  3.57 277.1 +43.3 116.0 *
036 2613390 (339.02077 +26.10000) 1.33  3.15 274.4 +48.6 116.0 *
037 2613453 (345.25666 +26.10000) 1.24  2.73 271.4 +53.9 118.0 *
038 2613573 (357.28301 +26.10000) 1.11  1.92 264.3 +64.3 118.0 *
039 2530589 ( 58.89949 +25.30000) 1.15 -2.17  94.7 +60.7 123.0 *
040 2613515 (351.49255 +26.10000) 1.16  2.32 268.1 +59.2 124.0 *
041 2530651 ( 65.53606 +25.30000) 1.23 -2.69  90.2 +54.1 125.0 *
042 2450699 ( 72.58551 +24.50000) 1.35 -3.18  87.7 +47.7 127.0 *
043 2610522 ( 52.16989 +26.10000) 1.09 -1.73  97.9 +66.7 131.0 *
044 2610584 ( 58.40578 +26.10000) 1.14 -2.14  93.5 +61.4 143.0 *
045 2610646 ( 64.64167 +26.10000) 1.20 -2.56  89.9 +56.1 144.0 *
046 2610709 ( 70.87756 +26.10000) 1.29 -2.97  86.8 +50.8 159.0 *
