#No  Block  (       RA       Dec) Airm HA       Az   Alt   Key Other
001 2133165 (316.03820 +21.30000) 1.12 -1.84 106.6 +63.2  11.0 *
002 2213165 (316.50400 +22.10000) 1.12 -1.86 104.8 +63.4  14.0 *
003 2213105 (310.45993 +22.10000) 1.08 -1.45 111.6 +68.3  17.0 *
004 2053216 (319.90915 +20.50000) 1.17 -2.14 103.8 +59.1  18.0 *
005 2293114 (311.39227 +22.90000) 1.08 -1.52 108.6 +67.9  25.0 *
006 2293175 (317.47139 +22.90000) 1.12 -1.92 102.3 +63.0  26.0 *
007 2213225 (322.54807 +22.10000) 1.17 -2.26  99.6 +58.4  29.0 *
008 2373124 (312.39675 +23.70000) 1.08 -1.58 105.6 +67.5  34.0 *
009 2293236 (323.55052 +22.90000) 1.18 -2.33  97.5 +57.9  37.0 *
010 2373185 (318.51254 +23.70000) 1.13 -1.99  99.9 +62.4  37.0 *
011 2453187 (318.74985 +24.50000) 1.13 -2.01  98.1 +62.6  42.0 *
012 2213286 (326.43355 +22.10000) 1.23 -2.60  96.1 +54.2  43.0 *
013 2453126 (312.59574 +24.50000) 1.08 -1.60 103.5 +67.7  44.0 *
014 2373246 (324.62833 +23.70000) 1.19 -2.40  95.4 +57.3  48.0 *
015 2293296 (329.62964 +22.90000) 1.26 -2.73  93.6 +52.8  50.0 *
016 2453249 (324.90396 +24.50000) 1.19 -2.42  93.9 +57.4  57.0 *
017 2213346 (335.49963 +22.10000) 1.37 -3.15  91.1 +47.1  61.0 *
018 2373307 (330.74411 +23.70000) 1.27 -2.81  91.7 +52.1  63.0 *
019 2293357 (335.70876 +22.90000) 1.35 -3.14  90.2 +47.6  66.0 *
020 2213407 (338.52167 +22.10000) 1.44 -3.40  89.2 +43.9  69.0 *
021 2373369 (336.85990 +23.70000) 1.37 -3.21  88.5 +46.9  74.0 *
022 2453311 (331.05806 +24.50000) 1.27 -2.83  90.4 +52.1  75.0 *
023 2453372 (337.21217 +24.50000) 1.37 -3.24  87.2 +46.9  83.0 *
024 2373430 (342.97569 +23.70000) 1.50 -3.62  85.5 +41.7  85.0 *
025 2453434 (343.36629 +24.50000) 1.50 -3.65  84.3 +41.7  92.0 *
