#No  Block  (       RA       Dec) Airm HA       Az   Alt   Key Other
001 2290144 ( 13.51520 +22.90000) 1.01  0.09 187.6 +80.9  73.0 *
002 2210152 ( 15.16413 +22.10000) 1.01  0.01 180.6 +80.1  74.0 *
003 2453187 (318.74985 +24.50000) 1.55  3.77 276.5 +40.2  75.0 *
004 2290083 (  9.17296 +22.90000) 1.02  0.38 210.3 +79.7  78.0 *
005 2533261 (326.13174 +25.30000) 1.37  3.28 274.1 +46.7  78.0 *
006 2533385 (338.51999 +25.30000) 1.19  2.45 267.8 +57.2  78.0 *
007 2290205 ( 22.63388 +22.90000) 1.02 -0.57 138.1 +78.2  82.0 *
008 2613390 (339.02077 +26.10000) 1.18  2.42 268.9 +57.9  82.0 *
009 2370206 ( 22.33355 +23.70000) 1.02 -0.53 137.6 +79.1  83.0 *
010 2450084 (  8.40695 +24.50000) 1.01  0.46 220.7 +80.4  83.0 *
011 2613515 (351.49255 +26.10000) 1.08  1.59 260.3 +68.4  85.0 *
012 2290265 ( 26.54189 +22.90000) 1.03 -0.75 129.4 +76.5  86.0 *
013 2613573 (357.28301 +26.10000) 1.04  1.18 253.8 +73.4  87.0 *
014 2450146 ( 14.56106 +24.50000) 1.01  0.05 185.0 +82.5  88.0 *
015 2450207 ( 20.71517 +24.50000) 1.01 -0.36 145.9 +81.1  91.0 *
016 2533199 (319.93762 +25.30000) 1.51  3.69 276.9 +41.5  91.0 *
017 2370267 ( 26.70198 +23.70000) 1.03 -0.76 126.5 +77.0  91.0 *
018 2613328 (332.78488 +26.10000) 1.26  2.83 272.1 +52.6  91.0 *
019 2370022 (  0.44937 +23.70000) 1.03  0.90 238.5 +75.5  94.0 *
020 2613265 (326.54899 +26.10000) 1.36  3.25 275.1 +47.3  96.0 *
021 2613453 (345.25666 +26.10000) 1.12  2.00 265.1 +63.2  96.0 *
022 2450023 (  2.31783 +24.50000) 1.03  0.86 240.1 +76.4  97.0 *
023 2613203 (320.31311 +26.10000) 1.49  3.66 277.8 +42.1  98.0 *
024 2450269 ( 26.86928 +24.50000) 1.02 -0.77 123.3 +77.4  98.0 *
025 2530155 ( 15.54062 +25.30000) 1.01 -0.02 177.9 +83.3 101.0 *
026 2530093 (  9.34649 +25.30000) 1.01  0.40 219.5 +81.6 101.0 *
027 2210454 ( 47.97477 +22.10000) 1.18 -2.27  99.5 +58.2 102.0 *
028 2450330 ( 33.02338 +24.50000) 1.05 -1.26 109.4 +71.8 103.0 *
029 2530217 ( 21.73474 +25.30000) 1.01 -0.43 138.0 +81.3 106.0 *
030 2530032 (  3.15237 +25.30000) 1.02  0.81 241.0 +77.5 107.0 *
031 2370450 ( 46.35987 +23.70000) 1.15 -2.12  98.4 +60.8 107.0 *
032 2450392 ( 39.17749 +24.50000) 1.08 -1.59 103.5 +67.7 110.0 *
033 2530279 ( 27.92887 +25.30000) 1.03 -0.84 117.8 +77.1 114.0 *
034 2610085 (  8.51867 +26.10000) 1.01  0.45 226.9 +81.7 115.0 *
035 2450453 ( 45.33160 +24.50000) 1.13 -2.00  98.1 +62.6 116.0 *
036 2450515 ( 51.48571 +24.50000) 1.19 -2.41  93.9 +57.4 117.0 *
037 2530341 ( 34.12299 +25.30000) 1.05 -1.26 107.2 +72.2 117.0 *
038 2610148 ( 14.75456 +26.10000) 1.01  0.03 184.6 +84.1 118.0 *
039 2530403 ( 40.31712 +25.30000) 1.09 -1.67 100.5 +67.1 121.0 *
040 2610210 ( 20.99045 +26.10000) 1.01 -0.38 138.1 +82.3 122.0 *
041 2530465 ( 46.51124 +25.30000) 1.13 -2.08  95.7 +61.9 123.0 *
042 2450576 ( 57.20024 +24.50000) 1.26 -2.81  90.5 +52.4 125.0 *
043 2610272 ( 27.22634 +26.10000) 1.02 -0.80 116.3 +78.0 125.0 *
044 2450699 ( 72.58551 +24.50000) 1.61 -3.91  82.6 +38.4 133.0 *
045 2610023 (  2.39574 +26.10000) 1.03  0.86 245.8 +77.3 134.0 *
046 2610397 ( 39.69811 +26.10000) 1.08 -1.63  99.1 +67.9 135.0 *
047 2530589 ( 58.89949 +25.30000) 1.28 -2.91  88.5 +51.4 135.0 *
048 2530651 ( 65.53606 +25.30000) 1.42 -3.43  84.8 +44.8 136.0 *
049 2530527 ( 52.70537 +25.30000) 1.20 -2.50  91.8 +56.6 140.0 *
050 2610335 ( 33.46222 +26.10000) 1.05 -1.21 105.6 +73.1 141.0 *
051 2610459 ( 45.93400 +26.10000) 1.13 -2.04  94.4 +62.7 144.0 *
052 2610584 ( 58.40578 +26.10000) 1.27 -2.88  87.5 +52.1 149.0 *
053 2610646 ( 64.64167 +26.10000) 1.37 -3.29  84.7 +46.8 150.0 *
054 2610522 ( 52.16989 +26.10000) 1.19 -2.46  90.7 +57.4 153.0 *
055 2610709 ( 70.87756 +26.10000) 1.51 -3.71  82.0 +41.6 165.0 *
