#MJD Time   LST  No Object     RA        Dec    Airm    Az   Alt Cost
7637 19.88 18.49  1   10704 307.09784 +20.50000 1.14 106.1 +61.1  110
7637 19.91 18.53  1   10705 307.95193 +20.50000 1.15 105.7 +60.8  110
7637 19.94 18.56  1   10706 308.80603 +20.50000 1.15 105.3 +60.5  110
7637 19.97 18.59  1   10707 309.66010 +20.50000 1.15 105.0 +60.2  110
7637 20.00 18.62  1   10708 310.51419 +20.50000 1.16 104.6 +59.8  110
7637 20.03 18.65  1   10709 311.36829 +20.50000 1.16 104.3 +59.5  110
7637 20.06 18.68  1   10710 312.22235 +20.50000 1.16 103.9 +59.2  110
7637 20.09 18.71  2   11067 307.88098 +21.30000 1.12 107.0 +63.5  110
7637 20.12 18.74  2   11068 308.73966 +21.30000 1.12 106.6 +63.2  110
7637 20.15 18.77  2   11069 309.59830 +21.30000 1.12 106.2 +62.9  110
7637 20.19 18.80  2   11070 310.45694 +21.30000 1.13 105.8 +62.5  110
7637 20.22 18.83  2   11071 311.31561 +21.30000 1.13 105.4 +62.2  110
7637 20.25 18.86  2   11072 312.17426 +21.30000 1.13 105.0 +61.9  110
7637 20.28 18.89  2   11073 313.03293 +21.30000 1.14 104.6 +61.5  110
7637 20.31 18.92  3   10711 313.07645 +20.50000 1.14 106.5 +61.5  110
7637 20.34 18.95  3   10712 313.93054 +20.50000 1.14 106.1 +61.2  110
7637 20.37 18.98  3   10713 314.78464 +20.50000 1.14 105.7 +60.9  110
7637 20.40 19.01  3   10714 315.63870 +20.50000 1.15 105.4 +60.5  110
7637 20.43 19.04  3   10715 316.49280 +20.50000 1.15 105.0 +60.2  110
7637 20.46 19.08  3   10716 317.34689 +20.50000 1.16 104.6 +59.9  110
7637 20.49 19.11  3   10717 318.20099 +20.50000 1.16 104.3 +59.6  110
7637 20.52 19.14  4   11074 313.89157 +21.30000 1.11 107.4 +63.8  110
7637 20.55 19.17  4   11075 314.75021 +21.30000 1.12 107.0 +63.5  110
7637 20.58 19.20  4   11076 315.60889 +21.30000 1.12 106.6 +63.2  110
7637 20.61 19.23  4   11077 316.46753 +21.30000 1.12 106.2 +62.9  110
7637 20.64 19.26  4   11078 317.32617 +21.30000 1.13 105.8 +62.5  110
7637 20.67 19.29  4   11079 318.18484 +21.30000 1.13 105.4 +62.2  110
7637 20.70 19.32  5   11436 313.91370 +22.10000 1.09 108.7 +66.4  110
7637 20.74 19.35  5   11437 314.77713 +22.10000 1.09 108.3 +66.1  110
7637 20.77 19.38  5   11438 315.64056 +22.10000 1.10 107.8 +65.8  110
7637 20.80 19.41  5   11439 316.50400 +22.10000 1.10 107.4 +65.5  110
7637 20.83 19.44  5   11440 317.36743 +22.10000 1.10 106.9 +65.1  110
7637 20.86 19.47  5   11441 318.23086 +22.10000 1.11 106.5 +64.8  110
7637 20.89 19.50  5   11442 319.09430 +22.10000 1.11 106.1 +64.5  110
7637 20.92 19.53  6   10718 319.05505 +20.50000 1.11 109.8 +64.1  110
7637 20.95 19.56  6   10719 319.90915 +20.50000 1.11 109.4 +63.8  110
7637 20.98 19.59  6   10720 320.76324 +20.50000 1.12 109.0 +63.4  110
7637 21.01 19.63  7   11443 319.95776 +22.10000 1.10 107.1 +65.3  110
7637 21.04 19.66  7   11444 320.82120 +22.10000 1.10 106.7 +64.9  110
7637 21.07 19.69  7   11445 321.68463 +22.10000 1.11 106.3 +64.6  110
7637 21.10 19.72  7   11446 322.54807 +22.10000 1.11 105.8 +64.3  110
7637 21.13 19.75  7   11447 323.41150 +22.10000 1.11 105.4 +63.9  110
7637 21.16 19.78  7   11448 324.27493 +22.10000 1.12 105.0 +63.6  110
7637 21.19 19.81  7   11449 325.13837 +22.10000 1.12 104.7 +63.3  110
7637 21.22 19.84  8   11801 320.94519 +22.90000 1.08 107.8 +67.4  110
7637 21.25 19.87  8   11802 321.81363 +22.90000 1.09 107.4 +67.1  110
7637 21.29 19.90  8   11803 322.68207 +22.90000 1.09 106.9 +66.8  110
7637 21.32 19.93  8   11804 323.55051 +22.90000 1.09 106.5 +66.4  110
7637 21.35 19.96  8   11805 324.41898 +22.90000 1.09 106.0 +66.1  110
7637 21.38 19.99  8   11806 325.28742 +22.90000 1.10 105.6 +65.8  110
7637 21.41 20.02  8   11807 326.15585 +22.90000 1.10 105.2 +65.4  110
7637 21.44 20.05  9   11450 326.00183 +22.10000 1.10 107.5 +65.6  110
7637 21.47 20.08  9   11451 326.86527 +22.10000 1.10 107.1 +65.2  110
7637 21.50 20.11 10   11808 327.02429 +22.90000 1.10 105.7 +65.9  110
7637 21.53 20.14 10   11809 327.89276 +22.90000 1.10 105.3 +65.5  110
7637 21.56 20.18 10   11810 328.76120 +22.90000 1.10 104.9 +65.2  110
7637 21.59 20.21 10   11811 329.62964 +22.90000 1.10 104.4 +64.8  110
7637 21.62 20.24 10   11812 330.49808 +22.90000 1.11 104.0 +64.5  110
7637 21.65 20.27 10   11813 331.36655 +22.90000 1.11 103.7 +64.2  110
7637 21.68 20.30 10   11814 332.23498 +22.90000 1.11 103.3 +63.8  110
7637 21.71 20.33 11   12164 328.12308 +23.70000 1.08 106.1 +67.9  110
7637 21.74 20.36 11   12165 328.99674 +23.70000 1.08 105.7 +67.6  110
7637 21.77 20.39 11   12166 329.87042 +23.70000 1.08 105.2 +67.3  110
7637 21.80 20.42 11   12167 330.74411 +23.70000 1.09 104.8 +66.9  110
7637 21.84 20.45 11   12168 331.61780 +23.70000 1.09 104.4 +66.6  110
7637 21.87 20.48 11   12169 332.49149 +23.70000 1.09 104.0 +66.2  110
7637 21.90 20.51 11   12170 333.36517 +23.70000 1.10 103.6 +65.9  110
7637 21.93 20.54 12   11429 307.86963 +22.10000 1.01 181.4 +80.1  110
7637 21.96 20.57 12   11430 308.73306 +22.10000 1.01 179.2 +80.1  110
7637 21.99 20.60 12   11431 309.59650 +22.10000 1.02 177.0 +80.1  110
7637 22.02 20.63 12   11432 310.45993 +22.10000 1.02 174.8 +80.1  110
7637 22.05 20.66 12   11433 311.32336 +22.10000 1.02 172.7 +80.1  110
7637 22.08 20.69 12   11434 312.18680 +22.10000 1.02 170.5 +80.0  110
7637 22.11 20.73 12   11435 313.05023 +22.10000 1.02 168.4 +80.0  110
7637 22.14 20.76 13   11787 308.78693 +22.90000 1.01 194.6 +80.7  110
7637 22.17 20.79 13   11788 309.65537 +22.90000 1.01 192.4 +80.7  110
7637 22.20 20.82 13   11789 310.52383 +22.90000 1.01 190.0 +80.8  110
7637 22.23 20.85 13   11790 311.39227 +22.90000 1.01 187.7 +80.9  110
7637 22.26 20.88 13   11791 312.26071 +22.90000 1.01 185.3 +80.9  110
7637 22.29 20.91 13   11792 313.12915 +22.90000 1.01 182.9 +80.9  110
7637 22.32 20.94 13   11793 313.99762 +22.90000 1.01 180.5 +80.9  110
7637 22.35 20.97 14   11794 314.86606 +22.90000 1.01 178.1 +80.9  110
7637 22.39 21.00 14   11795 315.73450 +22.90000 1.01 175.7 +80.9  110
7637 22.42 21.03 14   11796 316.60294 +22.90000 1.01 173.4 +80.9  110
7637 22.45 21.06 14   11797 317.47141 +22.90000 1.01 171.0 +80.8  110
7637 22.48 21.09 14   11798 318.33984 +22.90000 1.01 168.7 +80.8  110
7637 22.51 21.12 14   11799 319.20828 +22.90000 1.01 166.4 +80.7  110
7637 22.54 21.15 14   11800 320.07672 +22.90000 1.01 164.1 +80.6  110
7637 22.57 21.18 15   12150 315.89148 +23.70000 1.01 191.7 +81.6  110
7637 22.60 21.21 15   12151 316.76517 +23.70000 1.01 189.2 +81.6  110
7637 22.63 21.24 15   12152 317.63885 +23.70000 1.01 186.6 +81.7  110
7637 22.66 21.28 15   12153 318.51254 +23.70000 1.01 183.9 +81.7  110
7637 22.69 21.31 15   12154 319.38623 +23.70000 1.01 181.3 +81.7  110
7637 22.72 21.34 15   12155 320.25992 +23.70000 1.01 178.6 +81.7  110
7637 22.75 21.37 15   12156 321.13358 +23.70000 1.01 176.0 +81.7  110
7637 22.78 21.40 16   12157 322.00726 +23.70000 1.01 173.4 +81.7  110
7637 22.81 21.43 16   12158 322.88095 +23.70000 1.01 170.8 +81.6  110
7637 22.84 21.46 16   12159 323.75464 +23.70000 1.01 168.2 +81.6  110
7637 22.87 21.49 16   12160 324.62833 +23.70000 1.01 165.7 +81.5  110
7637 22.90 21.52 16   12161 325.50201 +23.70000 1.01 163.2 +81.4  110
7637 22.94 21.55 16   12162 326.37570 +23.70000 1.01 160.8 +81.3  110
7637 22.97 21.58 16   12163 327.24939 +23.70000 1.01 158.4 +81.2  110
7637 23.00 21.61 17   12510 322.26648 +24.50000 1.01 193.1 +82.4  110
7637 23.03 21.64 17   12511 323.14563 +24.50000 1.01 190.3 +82.4  110
7637 23.06 21.67 17   12512 324.02481 +24.50000 1.01 187.4 +82.5  110
7637 23.09 21.70 17   12513 324.90396 +24.50000 1.01 184.5 +82.5  110
7637 23.12 21.73 17   12514 325.78311 +24.50000 1.01 181.6 +82.5  110
7637 23.15 21.76 17   12515 326.66226 +24.50000 1.01 178.6 +82.5  110
7637 23.18 21.79 17   12516 327.54144 +24.50000 1.01 175.7 +82.5  110
7637 23.21 21.83 18   11459 333.77277 +22.10000 1.02 148.5 +78.6  110
7637 23.24 21.86 18   11460 334.63620 +22.10000 1.02 146.8 +78.4  110
7637 23.27 21.89 18   11461 335.49963 +22.10000 1.02 145.2 +78.2  110
7637 23.30 21.92 18   11462 336.36307 +22.10000 1.02 143.7 +78.0  110
7637 23.33 21.95 18   11463 337.22650 +22.10000 1.02 142.2 +77.8  110
7637 23.36 21.98 19   11815 333.10342 +22.90000 1.01 160.6 +80.4  110
7637 23.39 22.01 19   11816 333.97186 +22.90000 1.01 158.5 +80.3  110
7637 23.42 22.04 19   11817 334.84030 +22.90000 1.01 156.4 +80.2  110
7637 23.45 22.07 19   11818 335.70877 +22.90000 1.02 154.3 +80.0  110
7637 23.49 22.10 19   11819 336.57721 +22.90000 1.02 152.4 +79.9  110
7637 23.52 22.13 19   11820 337.44565 +22.90000 1.02 150.4 +79.7  110
7637 23.55 22.16 19   11821 338.31409 +22.90000 1.02 148.6 +79.5  110
7637 23.58 22.19 20   11464 338.08994 +22.10000 1.02 153.6 +79.1  110
7637 23.61 22.22 20   11465 338.95340 +22.10000 1.02 151.8 +79.0  110
7637 23.64 22.25 21   12171 334.23886 +23.70000 1.01 177.2 +81.7  110
7637 23.67 22.28 21   12172 335.11255 +23.70000 1.01 174.5 +81.7  110
7637 23.70 22.31 21   12173 335.98621 +23.70000 1.01 171.9 +81.7  110
7637 23.73 22.34 21   12174 336.85989 +23.70000 1.01 169.3 +81.6  110
7637 23.76 22.38 21   12175 337.73358 +23.70000 1.01 166.8 +81.5  110
7637 23.79 22.41 21   12176 338.60727 +23.70000 1.01 164.3 +81.4  110
7637 23.82 22.44 21   12177 339.48096 +23.70000 1.01 161.9 +81.3  110
7637 23.85 22.47 22   12178 340.35465 +23.70000 1.01 159.5 +81.2  110
7637 23.88 22.50 22   12179 341.22833 +23.70000 1.01 157.1 +81.1  110
7637 23.91 22.53 22   12180 342.10202 +23.70000 1.01 154.9 +81.0  110
7637 23.94 22.56 22   12181 342.97571 +23.70000 1.01 152.7 +80.8  110
7637 23.97 22.59 22   12182 343.84936 +23.70000 1.01 150.6 +80.6  110
7637 24.00 22.62 22   12183 344.72305 +23.70000 1.01 148.5 +80.5  110
7637 24.04 22.65 22   12184 345.59674 +23.70000 1.01 146.6 +80.3  110
7637 24.07 22.68 23   12531 340.72882 +24.50000 1.01 176.4 +82.5  110
7637 24.10 22.71 23   12532 341.60797 +24.50000 1.01 173.5 +82.5  110
7637 24.13 22.74 23   12533 342.48712 +24.50000 1.01 170.6 +82.4  110
7637 24.16 22.77 23   12534 343.36627 +24.50000 1.01 167.7 +82.4  110
7637 24.19 22.80 23   12535 344.24545 +24.50000 1.01 164.9 +82.3  110
7637 24.22 22.83 23   12536 345.12460 +24.50000 1.01 162.2 +82.2  110
7637 24.25 22.86 23   12537 346.00375 +24.50000 1.01 159.5 +82.1  110
7637 24.28 22.89 24   12538 346.88290 +24.50000 1.01 156.9 +81.9  110
7637 24.31 22.93 24   12539 347.76209 +24.50000 1.01 154.4 +81.8  110
7637 24.34 22.96 24   12540 348.64123 +24.50000 1.01 152.0 +81.6  110
7637 24.37 22.99 24   12541 349.52039 +24.50000 1.01 149.7 +81.5  110
7637 24.40 23.02 24   12542 350.39954 +24.50000 1.01 147.5 +81.3  110
7637 24.43 23.05 24   12543 351.27872 +24.50000 1.01 145.3 +81.1  110
7637 24.46 23.08 24   12544 352.15787 +24.50000 1.01 143.3 +80.9  110
7637 24.49 23.11 25   12545 353.03702 +24.50000 1.01 141.3 +80.7  110
7637 24.52 23.14 25   12546 353.91617 +24.50000 1.01 139.4 +80.4  110
7637 24.55 23.17 25   12547 354.79535 +24.50000 1.01 137.6 +80.2  110
7637 24.59 23.20 25   12548 355.67450 +24.50000 1.02 135.9 +79.9  110
7637 24.62 23.23 25   12549 356.55365 +24.50000 1.02 134.3 +79.7  110
7637 24.65 23.26 25   12550 357.43280 +24.50000 1.02 132.8 +79.4  110
7637 24.68 23.29 25   12551 358.31198 +24.50000 1.02 131.3 +79.2  110
7637 24.71 23.32 26   12199 358.70203 +23.70000 1.02 134.3 +78.6  110
7637 24.74 23.35 26   12200 359.57568 +23.70000 1.02 132.9 +78.4  110
7637 24.77 23.38 27   12192 352.58621 +23.70000 1.01 168.5 +81.6  110
7637 24.80 23.41 27   12193 353.45990 +23.70000 1.01 165.9 +81.5  110
7637 24.83 23.44 27   12194 354.33359 +23.70000 1.01 163.5 +81.4  110
7637 24.86 23.48 27   12195 355.20727 +23.70000 1.01 161.0 +81.3  110
7637 24.89 23.51 27   12196 356.08096 +23.70000 1.01 158.7 +81.2  110
7637 24.92 23.54 27   12197 356.95465 +23.70000 1.01 156.4 +81.0  110
7637 24.95 23.57 27   12198 357.82834 +23.70000 1.01 154.1 +80.9  110
7637 24.98 23.60 28   12552 359.19113 +24.50000 1.01 147.0 +81.2  110
7637 25.01 23.63 29   12888 348.25363 +25.30000 1.01 220.6 +81.4  110
7637 25.04 23.66 29   12889 349.13849 +25.30000 1.01 218.5 +81.7  110
7637 25.07 23.69 29   12890 350.02338 +25.30000 1.01 216.3 +81.9  110
7637 25.10 23.72 29   12891 350.90823 +25.30000 1.01 214.0 +82.1  110
7637 25.14 23.75 29   12892 351.79312 +25.30000 1.01 211.6 +82.3  110
7637 25.17 23.78 29   12893 352.67798 +25.30000 1.01 209.0 +82.5  110
7637 25.20 23.81 29   12894 353.56287 +25.30000 1.01 206.3 +82.6  110
7637 25.23 23.84 30   12881 342.05948 +25.30000 1.04 247.9 +74.8  110
7637 25.26 23.87 30   12882 342.94437 +25.30000 1.03 247.2 +75.2  110
7637 25.29 23.90 30   12883 343.82925 +25.30000 1.03 246.4 +75.5  110
7637 25.32 23.93 30   12884 344.71411 +25.30000 1.03 245.6 +75.8  110
7637 25.35 23.96 30   12885 345.59900 +25.30000 1.03 244.8 +76.1  110
7637 25.38 23.99 30   12886 346.48386 +25.30000 1.03 243.9 +76.5  110
7637 25.41  0.03 30   12887 347.36874 +25.30000 1.03 243.0 +76.8  110
7637 25.44  0.06 31   12895 354.44775 +25.30000 1.01 221.7 +81.3  110
7637 25.47  0.09 31   12896 355.33261 +25.30000 1.01 219.6 +81.5  110
7637 25.50  0.12 31   12897 356.21750 +25.30000 1.01 217.5 +81.8  110
7637 25.53  0.15 31   12898 357.10236 +25.30000 1.01 215.2 +82.0  110
7637 25.56  0.18 31   12899 357.98724 +25.30000 1.01 212.8 +82.2  110
7637 25.59  0.21 31   12900 358.87213 +25.30000 1.01 210.4 +82.4  110
7637 25.62  0.24 31   12901 359.75699 +25.30000 1.01 207.7 +82.5  110
7637 25.65  0.27 32   12524 334.57471 +24.50000 1.12 261.4 +63.1  110
7637 25.69  0.30 32   12525 335.45386 +24.50000 1.12 261.1 +63.4  110
7637 25.72  0.33 32   12526 336.33301 +24.50000 1.11 260.8 +63.8  110
7637 25.75  0.36 32   12527 337.21216 +24.50000 1.11 260.4 +64.1  110
7637 25.78  0.39 32   12528 338.09134 +24.50000 1.11 260.1 +64.5  110
7637 25.81  0.42 32   12529 338.97049 +24.50000 1.10 259.7 +64.8  110
7637 25.84  0.45 32   12530 339.84964 +24.50000 1.10 259.4 +65.2  110
7637 25.87  0.48 33   12517 328.42059 +24.50000 1.22 267.7 +55.2  110
7637 25.90  0.51 33   12518 329.29974 +24.50000 1.21 267.4 +55.5  110
7637 25.93  0.54 33   12519 330.17889 +24.50000 1.21 267.2 +55.9  110
7637 25.96  0.58 33   12520 331.05807 +24.50000 1.20 266.9 +56.2  110
7637 25.99  0.61 33   12521 331.93723 +24.50000 1.20 266.7 +56.6  110
7637 26.02  0.64 33   12522 332.81638 +24.50000 1.19 266.4 +57.0  110
7637 26.05  0.67 33   12523 333.69553 +24.50000 1.19 266.1 +57.3  110
7637 26.08  0.70 34   12867 329.67123 +25.30000 1.24 270.0 +53.8  110
7637 26.11  0.73 34   12868 330.55612 +25.30000 1.23 269.8 +54.2  110
7637 26.14  0.76 34   12869 331.44098 +25.30000 1.23 269.6 +54.5  110
7637 26.17  0.79 34   12870 332.32587 +25.30000 1.22 269.3 +54.9  110
7637 26.20  0.82 34   12871 333.21075 +25.30000 1.22 269.1 +55.2  110
7637 26.24  0.85 34   12872 334.09561 +25.30000 1.21 268.9 +55.6  110
7637 26.27  0.88 34   12873 334.98050 +25.30000 1.21 268.6 +56.0  110
7637 26.30  0.91 35   11503  11.77830 +22.90000 1.01 191.0 +80.8  110
7637 26.33  0.94 35   11504  12.64675 +22.90000 1.01 188.6 +80.8  110
7637 26.36  0.97 35   11505  13.51520 +22.90000 1.01 186.3 +80.9  110
7637 26.39  1.00 35   11506  14.38364 +22.90000 1.01 183.9 +80.9  110
7637 26.42  1.03 35   11507  15.25209 +22.90000 1.01 181.5 +80.9  110
7637 26.45  1.06 36   11143  12.57381 +22.10000 1.02 197.8 +79.7  110
7637 26.48  1.09 36   11144  13.43725 +22.10000 1.02 195.8 +79.8  110
7637 26.51  1.13 36   11145  14.30069 +22.10000 1.02 193.7 +79.9  110
7637 26.54  1.16 36   11146  15.16413 +22.10000 1.02 191.6 +80.0  110
7637 26.57  1.19 36   11147  16.02757 +22.10000 1.02 189.5 +80.0  110
7637 26.60  1.22 36   11148  16.89101 +22.10000 1.02 187.3 +80.1  110
7637 26.63  1.25 36   11149  17.75444 +22.10000 1.02 185.2 +80.1  110
7637 26.66  1.28 37   11515  22.19966 +22.90000 1.01 162.8 +80.6  110
7637 26.69  1.31 37   11516  23.06810 +22.90000 1.01 160.6 +80.4  110
7637 26.72  1.34 38   11871  21.45987 +23.70000 1.01 171.3 +81.7  110
7637 26.75  1.37 38   11872  22.33356 +23.70000 1.01 168.7 +81.6  110
7637 26.79  1.40 38   11873  23.20724 +23.70000 1.01 166.2 +81.5  110
7637 26.82  1.43 39   11517  23.93655 +22.90000 1.01 165.8 +80.7  110
7637 26.85  1.46 39   11518  24.80500 +22.90000 1.01 163.5 +80.6  110
7637 26.88  1.49 39   11519  25.67344 +22.90000 1.01 161.3 +80.5  110
7637 26.91  1.52 39   11520  26.54189 +22.90000 1.01 159.2 +80.4  110
7637 26.94  1.55 39   11521  27.41034 +22.90000 1.01 157.1 +80.2  110
7637 26.97  1.58 39   11522  28.27878 +22.90000 1.02 155.0 +80.1  110
7637 27.00  1.61 39   11523  29.14723 +22.90000 1.02 153.0 +79.9  110
7637 27.03  1.64 40   11874  24.08092 +23.70000 1.01 183.8 +81.7  110
7637 27.06  1.68 40   11875  24.95461 +23.70000 1.01 181.1 +81.7  110
7637 27.09  1.71 40   11876  25.82829 +23.70000 1.01 178.5 +81.7  110
7637 27.12  1.74 40   11877  26.70198 +23.70000 1.01 175.8 +81.7  110
7637 27.15  1.77 40   11878  27.57566 +23.70000 1.01 173.2 +81.7  110
7637 27.18  1.80 40   11879  28.44935 +23.70000 1.01 170.6 +81.6  110
7637 27.21  1.83 40   11880  29.32303 +23.70000 1.01 168.0 +81.6  110
7637 27.24  1.86 41   12229  24.23180 +24.50000 1.01 204.2 +81.9  110
7637 27.27  1.89 41   12230  25.11096 +24.50000 1.01 201.7 +82.0  110
7637 27.30  1.92 41   12231  25.99012 +24.50000 1.01 199.0 +82.1  110
7637 27.34  1.95 41   12232  26.86928 +24.50000 1.01 196.3 +82.3  110
7637 27.37  1.98 41   12233  27.74843 +24.50000 1.01 193.5 +82.3  110
7637 27.40  2.01 41   12234  28.62759 +24.50000 1.01 190.7 +82.4  110
7637 27.43  2.04 41   12235  29.50675 +24.50000 1.01 187.8 +82.5  110
7637 27.46  2.07 42   12236  30.38591 +24.50000 1.01 184.9 +82.5  110
7637 27.49  2.10 42   12242  35.66086 +24.50000 1.01 153.1 +81.7  110
7637 27.52  2.13 43   12243  36.54002 +24.50000 1.01 150.7 +81.5  110
7637 27.55  2.16 43   12244  37.41917 +24.50000 1.01 148.4 +81.4  110
7637 27.58  2.19 43   12245  38.29833 +24.50000 1.01 146.3 +81.2  110
7637 27.61  2.23 43   12246  39.17749 +24.50000 1.01 144.2 +81.0  110
7637 27.64  2.26 43   12247  40.05665 +24.50000 1.01 142.2 +80.8  110
7637 27.67  2.29 43   12248  40.93581 +24.50000 1.01 140.3 +80.5  110
7637 27.70  2.32 43   12249  41.81497 +24.50000 1.01 138.4 +80.3  110
7637 27.73  2.35 44   11184  47.97477 +22.10000 1.04 127.9 +75.0  110
7637 27.76  2.38 45   11898  45.04935 +23.70000 1.02 132.6 +78.3  110
7637 27.79  2.41 45   11899  45.92303 +23.70000 1.02 131.2 +78.0  110
7637 27.82  2.44 45   11900  46.79671 +23.70000 1.02 130.0 +77.8  110
7637 27.85  2.47 45   11901  47.67040 +23.70000 1.02 128.7 +77.5  110
7637 27.89  2.50 46   12250  42.69413 +24.50000 1.01 147.2 +81.3  110
7637 27.92  2.53 46   12251  43.57328 +24.50000 1.01 145.1 +81.1  110
7637 27.95  2.56 46   12252  44.45244 +24.50000 1.01 143.1 +80.8  110
7637 27.98  2.59 46   12253  45.33160 +24.50000 1.01 141.1 +80.6  110
7637 28.01  2.62 46   12254  46.21076 +24.50000 1.01 139.2 +80.4  110
7637 28.04  2.65 46   12255  47.08992 +24.50000 1.01 137.5 +80.2  110
7637 28.07  2.68 46   12256  47.96907 +24.50000 1.02 135.8 +79.9  110
7637 28.10  2.71 47   12257  48.84823 +24.50000 1.02 134.1 +79.7  110
7637 28.13  2.74 47   12258  49.72739 +24.50000 1.02 132.6 +79.4  110
7637 28.16  2.78 47   12259  50.60655 +24.50000 1.02 131.1 +79.1  110
7637 28.19  2.81 47   12260  51.48571 +24.50000 1.02 129.7 +78.9  110
7637 28.22  2.84 47   12261  52.36487 +24.50000 1.02 128.3 +78.6  110
7637 28.25  2.87 47   12262  53.24403 +24.50000 1.02 127.1 +78.3  110
7637 28.28  2.90 47   12263  54.12318 +24.50000 1.02 125.8 +78.0  110
7637 28.31  2.93 48   12264  55.00234 +24.50000 1.02 124.6 +77.7  110
7637 28.34  2.96 48   12265  55.88150 +24.50000 1.02 123.5 +77.4  110
7637 28.37  2.99 48   12266  56.76066 +24.50000 1.03 122.4 +77.1  110
7637 28.40  3.02 48   12267  57.63982 +24.50000 1.03 121.4 +76.8  110
7637 28.44  3.05 48   12268  58.51897 +24.50000 1.03 120.4 +76.5  110
7637 28.47  3.08 48   12269  59.39813 +24.50000 1.03 119.4 +76.2  110
7637 28.50  3.11 49   12617  56.24486 +25.30000 1.02 126.0 +79.3  110
7637 28.53  3.14 49   12618  57.12974 +25.30000 1.02 124.7 +79.0  110
7637 28.56  3.17 49   12619  58.01462 +25.30000 1.02 123.4 +78.7  110
7637 28.59  3.20 49   12620  58.89949 +25.30000 1.02 122.2 +78.4  110
7637 28.62  3.23 49   12621  59.78437 +25.30000 1.02 121.1 +78.1  110
7637 28.65  3.26 49   12622  60.66924 +25.30000 1.02 120.0 +77.8  110
7637 28.68  3.29 49   12623  61.55412 +25.30000 1.02 119.0 +77.5  110
7637 28.71  3.33 50   12610  50.05074 +25.30000 1.01 178.7 +83.3  110
7637 28.74  3.36 50   12611  50.93562 +25.30000 1.01 175.4 +83.3  110
7637 28.77  3.39 50   12612  51.82049 +25.30000 1.01 172.1 +83.3  110
7637 28.80  3.42 50   12613  52.70537 +25.30000 1.01 168.8 +83.2  110
7637 28.83  3.45 50   12614  53.59024 +25.30000 1.01 165.6 +83.1  110
7637 28.86  3.48 50   12615  54.47512 +25.30000 1.01 162.5 +83.0  110
7637 28.89  3.51 50   12616  55.35999 +25.30000 1.01 159.5 +82.9  110
